 									
He 12430	BCA_LabS_20250808_10	2025-08-09T15:05:47	time_sec	6 amu	6 amu	6 amu	6 amu	6 amu	6 amu
6.182	8.190476E-15	6.123614E-14	2.342858E-14	2.877070E-17	2.364586E-15	2.702131E-15
14.295	8.195240E-14	5.175398E-14	2.843253E-15	8.219248E-15	1.676984E-14	7.072421E-15
22.404	5.595240E-15	4.263294E-14	3.215873E-14	4.631447E-15	4.174607E-15	5.953376E-15
30.410	1.935318E-14	2.057144E-14	5.642860E-15	3.769886E-17	4.379217E-15	3.487974E-15
38.519	8.040875E-14	1.453175E-14	2.453375E-15	6.031251E-15	1.353125E-14	4.091518E-15
46.627	2.137698E-14	5.055558E-14	8.279765E-15	1.037302E-14	1.646579E-15	4.149057E-15
54.737	1.913096E-14	3.797616E-15	1.566370E-14	1.724157E-14	7.054566E-15	1.098487E-14
62.842	5.870240E-14	5.772224E-14	7.739783E-14	8.915677E-15	2.515129E-15	4.348960E-15
70.851	5.621827E-14	2.009127E-14	1.941568E-14	1.107491E-14	8.356400E-15	3.069568E-15
78.963	2.320635E-14	2.960320E-15	1.359028E-14	1.976539E-14	2.104663E-15	1.054317E-15
87.072	1.764921E-13	4.195041E-14	5.843206E-16	3.739085E-15	7.760665E-15	6.014416E-17
95.183	1.978969E-14	3.587501E-14	5.590278E-15	7.037205E-15	5.562752E-15	7.138269E-15
103.196	9.130954E-15	4.553176E-14	3.124803E-14	7.594742E-15	5.503226E-15	4.648935E-15
111.308	7.648018E-14	3.206152E-14	4.842259E-15	7.205357E-15	4.703870E-15	1.080359E-15
119.415	7.106749E-14	1.770834E-14	1.802481E-14	1.408780E-14	9.615083E-15	2.763518E-15
127.521	1.464683E-14	9.332343E-14	1.453274E-14	1.445834E-14	1.009103E-14	3.284599E-15
135.527	6.621431E-14	9.722271E-17	2.257640E-14	8.173617E-15	1.983135E-15	5.803943E-15
143.632	4.451588E-14	3.382144E-14	2.718256E-15	2.556647E-14	1.189212E-14	2.350199E-15
151.738	1.893255E-14	2.810120E-14	8.236114E-15	1.667163E-14	6.411218E-16	1.688119E-15
159.858	1.972223E-14	1.268056E-14	1.366568E-14	1.753522E-14	1.149804E-15	2.385417E-15
167.962	9.163097E-14	1.615873E-14	1.075396E-15	6.963791E-15	3.686757E-15	5.936276E-16
175.968	2.031747E-14	4.117065E-14	3.876985E-15	3.646332E-15	1.565972E-15	4.105409E-15
184.077	6.995637E-14	6.169247E-14	2.927283E-14	1.950099E-14	4.756947E-15	5.495909E-15
192.182	3.851589E-14	2.909326E-14	1.164980E-14	2.726689E-15	3.249008E-15	6.403647E-15
200.289	2.476189E-15	6.242463E-14	1.769643E-14	2.379266E-14	8.728920E-15	3.472845E-15
208.391	4.390081E-14	7.745439E-14	1.642362E-14	1.842213E-14	7.718504E-15	4.252730E-15
216.402	3.050001E-14	6.601192E-14	2.221033E-14	3.137899E-15	1.517882E-14	5.244545E-15
224.512	9.884925E-15	5.519645E-14	9.554568E-15	4.598212E-15	3.431797E-15	1.046256E-15
232.619	4.916667E-15	4.386708E-14	1.894048E-14	4.961311E-15	9.256454E-15	1.507440E-15
240.730	3.545636E-14	4.284128E-14	1.918155E-14	7.336806E-15	2.202877E-15	4.874258E-15
248.733	7.032145E-14	6.988099E-15	2.091270E-14	1.511905E-15	1.388220E-14	4.959698E-15
256.841	2.471826E-14	1.548810E-14	3.219743E-14	2.068206E-14	2.371032E-15	2.032121E-15
264.948	7.444447E-14	4.850002E-14	3.779750E-16	2.000993E-14	9.960319E-15	7.582099E-15
273.057	9.948416E-15	7.321431E-14	1.635616E-14	8.492103E-16	4.492065E-15	5.662329E-15
281.162	4.317460E-15	3.253969E-14	1.766568E-14	5.205855E-15	1.397768E-14	4.573414E-15
289.266	1.419127E-13	7.355160E-15	6.513891E-15	6.207838E-15	2.473710E-15	2.092014E-15
297.280	5.122621E-14	4.241073E-14	5.363100E-15	5.665179E-15	4.562502E-15	4.087800E-15
305.386	2.650796E-15	2.640477E-14	1.565873E-14	5.004466E-15	8.844001E-15	4.489586E-15
313.494	3.310319E-14	7.368454E-14	2.725497E-14	1.053919E-14	1.024454E-14	1.560267E-15
321.501	3.057143E-14	3.057538E-15	3.730160E-14	1.314187E-14	1.157590E-14	3.985365E-15
329.706	1.600398E-14	1.829961E-14	2.038096E-14	2.465281E-15	1.101513E-14	7.030135E-15
337.711	6.523811E-15	5.378969E-15	1.463790E-14	5.584326E-15	3.869546E-15	3.131945E-15
345.815	2.692064E-14	3.764684E-14	3.234127E-15	7.469750E-15	9.216274E-15	9.124384E-15
353.923	4.837700E-14	8.516074E-14	4.467561E-14	1.655953E-14	1.009201E-14	1.892238E-15
362.027	4.957144E-14	1.461905E-14	4.133927E-15	4.539682E-15	7.772323E-15	8.275052E-16
370.135	9.869046E-15	6.063890E-14	4.640378E-14	1.684525E-14	8.333584E-15	7.910591E-15
378.241	1.222778E-13	1.097421E-14	3.745042E-15	4.726691E-15	8.795141E-15	8.773315E-15
386.345	2.587302E-14	2.759327E-14	1.670139E-14	7.466769E-15	3.316717E-15	4.174731E-15
394.449	4.496827E-14	2.948416E-15	3.213296E-15	7.467265E-15	1.263220E-14	6.575646E-15
402.456	8.046035E-14	1.614882E-14	2.036112E-14	2.788295E-14	1.251487E-15	6.475699E-15
410.562	3.684922E-14	2.121033E-15	1.125695E-14	1.950447E-14	1.420139E-15	2.767115E-15
418.672	1.146032E-14	2.960715E-14	3.577382E-15	1.492312E-14	2.173116E-15	2.996157E-15
426.776	1.382937E-14	4.107140E-15	1.159028E-14	2.854665E-15	4.977674E-16	1.250646E-14
434.787	1.260318E-14	6.688491E-15	4.811523E-16	8.655755E-15	1.881697E-15	9.688370E-15
442.894	6.621431E-14	3.343057E-14	1.598215E-14	4.526293E-15	7.382195E-15	3.270088E-15
451.003	5.440478E-14	3.099207E-14	9.657743E-15	4.433533E-15	3.373761E-15	2.080844E-16
459.117	6.545240E-14	9.889686E-14	7.936058E-18	7.192268E-17	6.348218E-15	6.755212E-15
467.130	2.892065E-14	6.374803E-14	1.931350E-14	5.244049E-15	9.674607E-15	2.217261E-16
475.242	3.853177E-15	5.679565E-14	7.215281E-15	2.077877E-14	9.593256E-16	1.071800E-15
483.357	1.714683E-14	8.456353E-15	5.676589E-15	6.705852E-15	7.229664E-15	2.766122E-15
491.470	4.972621E-14	1.178373E-14	1.193751E-14	8.358090E-16	6.170139E-15	6.449901E-15
499.474	6.765876E-14	9.297425E-14	2.584326E-15	5.654268E-15	1.703200E-14	3.522199E-15
507.582	1.667461E-14	1.415873E-14	1.501587E-14	5.821431E-15	8.515627E-15	2.034723E-15
515.687	1.789683E-14	2.879763E-14	1.814088E-14	3.055755E-14	3.532739E-15	8.608756E-15
523.795	1.921826E-14	2.750001E-14	4.298611E-15	4.446430E-15	1.535962E-15	1.390996E-15
531.904	1.420637E-15	3.413096E-14	9.248018E-15	9.222723E-15	8.460322E-15	4.363223E-15
539.917	1.976191E-14	2.357147E-15	1.526291E-14	2.448417E-15	1.286708E-15	1.201513E-15
548.031	4.912700E-14	4.485914E-14	3.178473E-14	2.009574E-14	4.432047E-15	2.590774E-15
556.137	2.607140E-15	3.124009E-14	6.656748E-16	2.231846E-14	5.091764E-15	3.730282E-15
564.246	1.919445E-14	4.746231E-14	2.356052E-14	4.531254E-15	1.899557E-15	4.000127E-15
572.253	9.913495E-14	2.139881E-14	1.556846E-14	4.480162E-15	7.998270E-15	6.288445E-15
580.362	5.716669E-14	3.958930E-14	7.035718E-15	9.898811E-15	1.166642E-14	1.415798E-15
588.472	4.568255E-14	2.257540E-14	3.380952E-15	5.782743E-15	1.460517E-14	4.712922E-15
596.579	8.581352E-14	2.202381E-15	1.541469E-14	3.049600E-15	4.372522E-15	4.934898E-15
604.684	2.620636E-14	8.517859E-15	8.417660E-15	1.777382E-14	7.658236E-15	7.707089E-16
612.693	5.151192E-14	2.997620E-14	5.274802E-15	5.649813E-16	2.733145E-16	8.233761E-15
620.801	3.909525E-14	5.666670E-15	1.190080E-14	9.027781E-15	2.697668E-15	1.429317E-15
628.909	2.495636E-14	6.619050E-15	2.643850E-14	3.065976E-15	1.904020E-15	9.552333E-16
637.019	1.756350E-14	2.964287E-14	8.577385E-15	1.019147E-14	4.752729E-15	5.676837E-15
645.038	5.349605E-14	6.650994E-14	2.884326E-14	8.429567E-15	3.858385E-15	7.026415E-15
653.145	4.669842E-14	3.483335E-14	4.202284E-14	7.134426E-15	7.366816E-15	5.563742E-15
661.263	6.469844E-14	5.487503E-14	4.423611E-15	2.237122E-16	7.072172E-15	3.938494E-15
669.377	4.575403E-15	4.440081E-14	1.393552E-14	3.762403E-15	9.474457E-15	4.761165E-15
677.384	2.730159E-14	1.522619E-14	2.010318E-14	1.482243E-14	1.363716E-14	1.256202E-15
685.489	3.488099E-15	1.440874E-14	6.775793E-15	1.440675E-14	2.459575E-15	7.955131E-16
693.597	1.773016E-14	2.788096E-14	5.366072E-15	1.942510E-14	1.184673E-14	7.957963E-15
701.709	2.293654E-15	4.836906E-14	1.262004E-14	6.556054E-15	4.478673E-15	4.530135E-15
709.719	4.519049E-14	8.865085E-15	1.157937E-14	1.689980E-15	5.002976E-15	5.015254E-15
717.824	1.383730E-14	6.378176E-14	3.663096E-14	1.307193E-14	4.674355E-15	2.322670E-15
725.935	6.579763E-14	1.765874E-14	2.968156E-14	1.248562E-14	9.620787E-15	1.450521E-15
734.042	4.376985E-14	4.861906E-14	1.800199E-14	6.206847E-15	5.844248E-15	1.429192E-15
742.147	3.459128E-14	5.915875E-14	2.620040E-15	6.007442E-15	2.841518E-15	3.012898E-15
750.156	5.272223E-14	1.426390E-14	1.089087E-14	7.912203E-15	7.789189E-15	8.159716E-16
758.268	1.242064E-14	1.982342E-14	5.968256E-15	8.834824E-15	7.294644E-15	6.317961E-15
766.373	4.200398E-14	3.078770E-14	2.975696E-14	2.194049E-14	4.952879E-15	1.726067E-15
774.482	5.028573E-14	1.158929E-14	1.712302E-14	1.343056E-14	7.519845E-15	7.683162E-15
782.492	3.775795E-14	3.501390E-14	3.097124E-14	5.110121E-15	4.609377E-15	2.701390E-15
790.601	1.403175E-14	3.250993E-14	9.742067E-15	3.883933E-16	1.868057E-15	6.100819E-15
798.710	5.503573E-14	9.769847E-15	4.389387E-14	3.258435E-15	6.218754E-15	4.663931E-16
806.822	2.115080E-14	3.992065E-14	9.603167E-16	7.523313E-15	1.891866E-15	1.614707E-15
814.835	1.163056E-13	4.124803E-14	3.109525E-14	4.789684E-15	1.313393E-14	2.499011E-15
822.944	3.666667E-14	3.180754E-14	1.764881E-14	1.757093E-14	1.677332E-15	4.363097E-15
831.051	4.742060E-15	2.934521E-15	1.115377E-14	8.339784E-15	3.483634E-15	4.503846E-15
839.161	9.616273E-14	2.466270E-15	1.452282E-14	2.959128E-14	2.037723E-14	1.774429E-15
847.267	3.801985E-14	3.498016E-14	3.698117E-14	1.102282E-14	1.579093E-14	4.148565E-15
855.277	5.630946E-15	5.765874E-15	5.896828E-15	9.258932E-15	5.562990E-16	6.362849E-16
863.382	4.805953E-14	6.992064E-15	8.005955E-15	1.417014E-14	2.386483E-14	7.419523E-15
871.486	1.022778E-13	2.002977E-14	2.435516E-15	1.740578E-15	1.973708E-15	1.838543E-15
879.588	8.711114E-14	4.741073E-14	2.344346E-14	1.835813E-15	1.224953E-15	1.750372E-15
887.698	6.107143E-15	4.513891E-15	2.121826E-14	9.559529E-15	5.161468E-15	5.453867E-16
895.702	3.141668E-14	5.967860E-14	2.505159E-14	1.741866E-14	6.175582E-17	2.998762E-15
903.807	4.296430E-14	3.178969E-14	1.695040E-14	1.271032E-14	8.287702E-15	1.982018E-15
911.917	7.191272E-14	4.597620E-14	2.768849E-15	3.990579E-15	5.998018E-15	1.422994E-15
920.023	4.480165E-15	1.586508E-14	1.540675E-14	7.243060E-15	9.821626E-17	4.963915E-15
928.130	3.491668E-14	6.793653E-14	3.298910E-14	3.872521E-15	5.642116E-15	7.259429E-16
936.142	5.536907E-14	5.559328E-14	1.863790E-14	3.263395E-15	6.786957E-15	5.989711E-15
944.251	1.452818E-13	2.885914E-14	2.321132E-14	1.139881E-14	3.129466E-15	6.470736E-15
952.355	4.583732E-14	5.445240E-14	4.012303E-14	8.916173E-15	2.000003E-15	8.038323E-15
960.473	1.173414E-14	1.275993E-14	3.440477E-14	1.151687E-14	1.883930E-15	3.984750E-15
968.487	5.809526E-14	1.821429E-14	2.069941E-14	1.081994E-14	7.023562E-15	2.159229E-15
976.596	5.528969E-14	9.664686E-15	2.623023E-15	2.068304E-14	7.830111E-15	2.998887E-15
984.703	1.096786E-13	3.232144E-14	6.210320E-16	9.936510E-15	5.072671E-15	3.720490E-15
992.813	1.502779E-14	2.576191E-14	3.802680E-14	2.627679E-14	6.945689E-15	2.661708E-15
1000.920	1.727223E-13	4.543652E-14	1.854564E-14	1.686462E-16	2.371776E-15	1.844246E-15
1008.928	7.938892E-14	1.179167E-14	1.743453E-14	9.912202E-15	9.481897E-15	5.734870E-15
1017.036	1.413691E-13	6.232541E-14	9.885915E-15	1.116370E-14	2.061756E-15	7.289686E-15
1025.152	5.662699E-15	1.882144E-14	1.038195E-14	5.953873E-15	5.854668E-15	4.346107E-15
1033.258	1.228096E-13	4.934922E-14	7.394843E-15	9.263890E-15	6.266621E-15	3.730158E-16
1041.266	1.040476E-14	2.015872E-15	1.633631E-14	9.603177E-16	6.073661E-15	8.208088E-15
1049.373	3.062303E-14	5.067461E-14	1.873413E-14	1.089584E-14	1.023264E-14	6.218627E-15
1057.484	1.622619E-14	4.263096E-14	8.551589E-15	7.380958E-16	3.096231E-15	1.933286E-16
1065.590	4.924605E-14	2.438493E-15	2.578771E-14	9.724208E-15	5.479169E-15	1.256822E-15
1073.597	9.900797E-15	2.552184E-14	2.800696E-14	3.508432E-15	2.132195E-15	1.688493E-15
1081.707	7.163891E-14	9.378773E-14	3.521845E-16	2.501986E-15	9.688743E-15	2.919149E-15
1089.811	2.378969E-14	2.909922E-14	4.951588E-14	1.304514E-14	9.600454E-15	9.154302E-16
1097.926	5.418256E-14	8.224211E-15	5.206354E-15	1.535717E-15	1.854242E-14	6.064136E-17
1106.035	6.167066E-14	4.654763E-14	1.581250E-14	1.644445E-14	9.994795E-15	2.853424E-15
1114.050	5.964684E-14	2.683930E-14	1.052580E-14	2.439482E-15	3.391866E-15	2.630705E-15
1122.158	3.126589E-14	8.079368E-15	1.550695E-14	4.001688E-14	1.562750E-15	2.518852E-15
1130.265	9.325413E-16	1.765874E-14	1.556945E-14	1.020835E-15	6.920143E-15	2.027157E-15
1138.370	8.301589E-15	2.466866E-14	4.917660E-15	1.086330E-16	1.311285E-14	6.486113E-15
1146.378	2.046033E-14	3.716470E-14	8.433534E-15	3.233136E-15	9.313990E-15	9.832591E-16
1154.490	3.548811E-14	1.022619E-14	5.705657E-14	8.482257E-17	3.325895E-16	1.525673E-15
1162.598	1.738889E-14	6.557544E-15	2.322917E-14	2.204367E-15	2.349455E-15	1.807170E-15
1170.613	8.202382E-15	3.657541E-14	1.333335E-15	6.521826E-15	1.547123E-15	2.486483E-15
1178.723	7.974606E-14	1.539881E-14	2.442461E-15	2.504963E-15	1.918403E-15	1.079242E-15
1186.836	4.859922E-14	3.720637E-14	2.111906E-14	1.461062E-14	5.836311E-15	8.702884E-16
1194.948	8.798415E-14	2.097422E-14	5.790676E-15	6.670143E-15	1.661706E-15	1.466270E-15
1202.953	1.742064E-14	1.657540E-14	7.481153E-15	4.000991E-15	5.896579E-15	3.154888E-15
1211.062	1.271429E-14	4.593057E-14	1.634723E-14	2.283682E-14	1.088046E-14	5.577897E-16
1219.171	5.684129E-14	1.307143E-14	7.748020E-15	1.601439E-14	5.391867E-15	1.403760E-16
1227.282	1.800001E-14	4.760319E-14	2.484029E-14	2.658727E-16	6.713783E-16	8.654502E-16
1235.397	5.119446E-14	4.918653E-14	1.407441E-14	2.726687E-15	7.776788E-15	2.663194E-15
1243.402	9.130161E-14	2.475000E-14	5.210914E-14	4.799555E-14	2.018850E-15	5.573537E-15
1251.509	3.111509E-14	5.636312E-14	2.904565E-14	7.768855E-15	1.086294E-16	3.113841E-15
1259.626	5.589287E-14	1.069445E-14	9.560518E-15	4.778278E-15	2.600196E-15	4.531747E-15
1267.738	3.676588E-14	8.341274E-15	4.669446E-14	1.476091E-14	6.553574E-15	6.524683E-15
1275.843	3.531747E-15	1.409326E-14	3.544644E-15	5.195438E-15	1.725050E-14	6.444942E-15
1283.857	4.007940E-15	2.793056E-14	1.024802E-14	6.271330E-15	1.460541E-14	5.633681E-15
1291.966	5.996827E-14	3.269247E-14	5.984129E-15	5.000996E-15	5.970984E-15	1.128982E-14
1300.074	9.403177E-14	3.773810E-15	2.629000E-16	1.682491E-14	6.743059E-15	4.760047E-15
1308.178	2.645635E-14	3.739089E-14	3.474209E-15	4.586806E-15	6.423600E-16	6.753475E-16
1316.194	2.532541E-14	2.898413E-14	2.294346E-14	2.653275E-15	3.452365E-16	4.103547E-15
1324.298	9.976193E-14	3.344842E-14	2.937496E-15	9.150300E-15	4.305567E-16	9.378598E-15
1332.408	3.905160E-14	5.018652E-14	3.510418E-14	1.665182E-15	2.403770E-15	2.238839E-15
1340.518	2.293652E-14	4.747819E-14	3.490775E-14	1.090724E-14	2.800101E-15	9.697918E-15
1348.627	5.789685E-15	1.130159E-14	1.257738E-14	1.917165E-15	3.510168E-15	1.206969E-15
1356.638	1.559127E-14	4.210716E-14	2.839485E-14	1.083482E-14	4.866816E-15	9.151922E-17
1364.742	3.231747E-14	2.793653E-15	2.897821E-15	7.681550E-15	4.082336E-16	3.534333E-17
1372.853	2.814684E-14	5.799804E-14	1.882441E-14	3.211310E-15	4.315490E-16	5.437756E-16
1380.959	4.924603E-15	1.081746E-14	2.167957E-14	1.768404E-14	4.191446E-16	1.489460E-15
1388.967	4.441668E-14	2.636905E-15	4.747024E-15	6.277778E-15	1.228672E-15	6.280383E-15
1397.075	2.281351E-14	2.100596E-14	3.779961E-14	9.169644E-15	1.086804E-15	1.517733E-15
1405.187	6.388885E-16	2.583136E-14	1.506647E-14	2.107789E-14	1.290749E-14	8.931055E-15
1413.296	3.432144E-14	2.883533E-14	2.168651E-15	1.076588E-14	6.187999E-16	7.151544E-16
1421.404	1.080953E-13	4.236110E-15	1.628076E-14	1.948314E-14	1.101538E-14	2.456472E-15
1429.410	5.307145E-14	5.492067E-15	6.517862E-16	4.370042E-16	3.494297E-15	5.252483E-15
1437.516	6.650398E-14	1.125397E-14	9.052582E-15	2.721231E-15	2.208084E-15	8.158496E-16
1445.624	5.555554E-15	1.454364E-15	1.591370E-14	1.554066E-15	7.179320E-15	8.154892E-15
1453.729	6.247621E-14	4.880940E-16	3.443751E-14	1.837699E-14	2.747769E-15	2.962534E-16
1461.741	8.950798E-14	1.321032E-14	4.247622E-14	1.434425E-14	1.712053E-15	2.116072E-15
1469.850	8.123015E-15	1.011707E-14	2.259525E-14	6.072918E-15	1.305184E-14	3.461557E-15
1477.959	3.321430E-15	1.218652E-14	8.493060E-15	1.255954E-15	3.558532E-15	4.378722E-15
1486.067	2.141667E-14	5.066669E-14	1.314584E-14	4.498016E-15	1.102827E-14	3.518603E-15
1494.172	6.746033E-14	2.345636E-14	2.938989E-14	3.126491E-15	1.095834E-14	4.216395E-15
1502.180	4.882937E-14	1.609326E-14	1.470237E-15	9.007921E-16	3.374503E-15	2.772201E-15
1510.289	2.540477E-14	2.682342E-14	4.112104E-15	1.713840E-14	1.469991E-15	6.756698E-15
1518.393	3.555555E-15	4.066668E-14	9.259925E-15	7.213793E-15	5.631946E-15	5.832072E-16
1526.500	1.091588E-13	2.620437E-14	1.108036E-14	1.204316E-14	1.050025E-14	1.018936E-14
1534.607	6.460320E-15	4.715875E-14	4.811512E-15	7.665181E-15	6.175349E-15	9.448177E-16
1542.614	3.755557E-14	1.925794E-14	3.142660E-14	1.425598E-15	4.943950E-15	2.649059E-15
1550.721	1.119842E-14	3.646827E-15	1.756052E-14	6.648811E-15	1.083259E-14	1.607145E-15
1558.836	5.920240E-14	5.702779E-14	7.988096E-15	2.116171E-14	5.578623E-15	7.151540E-15
1566.949	8.788495E-14	1.942858E-14	2.058532E-14	2.279763E-15	2.480158E-16	5.400546E-15
1574.956	2.552779E-14	2.310120E-14	3.186608E-14	1.691467E-15	3.108139E-15	1.123277E-14
1583.062	1.161865E-13	9.393654E-14	2.168254E-14	9.020338E-15	1.719990E-15	1.297681E-14
1591.175	6.029366E-14	1.870040E-14	3.803571E-15	1.488443E-14	9.052085E-15	4.422744E-15
1599.282	5.875796E-14	4.079367E-15	7.254963E-15	1.998265E-14	4.187998E-15	4.008060E-15
1607.391	8.638895E-15	2.146628E-14	2.758928E-15	4.680558E-15	2.227184E-16	4.477306E-15
1615.396	8.662706E-15	2.248017E-14	1.692858E-14	2.445932E-15	1.041915E-15	1.404105E-14
1623.504	2.026587E-14	1.013493E-14	3.279663E-14	1.518353E-14	2.001496E-16	5.362599E-15
1631.608	5.749207E-14	4.384910E-16	2.858632E-14	1.882441E-15	7.892364E-15	6.734751E-15
1639.715	1.105556E-14	4.821827E-14	7.912698E-15	2.230308E-14	1.239087E-15	4.372147E-15
1647.826	1.295238E-14	8.486510E-14	3.966272E-15	2.501491E-15	5.694464E-16	2.208085E-15
1655.831	1.559524E-14	3.766073E-14	2.757045E-14	7.386409E-15	6.515626E-15	5.024928E-15
1663.941	1.736509E-14	1.006469E-13	5.149806E-15	5.234625E-15	8.322182E-15	8.273936E-15
1672.047	6.176986E-14	3.268057E-14	1.172618E-15	2.493553E-15	1.722967E-15	8.156502E-15
1680.156	5.119445E-14	3.429565E-14	5.267958E-14	1.077976E-14	8.544895E-15	4.480656E-15
1688.165	6.968247E-15	4.940474E-15	8.970243E-15	1.427629E-14	4.521331E-15	5.624012E-15
1696.277	2.944445E-14	1.444048E-14	1.933136E-14	9.974703E-15	5.871035E-15	5.719001E-15
1704.385	1.221032E-14	2.671033E-14	2.386909E-15	1.346826E-14	6.304814E-15	6.882416E-16
1712.496	4.809523E-15	5.121430E-14	6.975204E-15	1.189980E-14	2.405753E-15	7.829614E-15
1720.508	7.066273E-14	5.746827E-14	7.350201E-15	2.151240E-14	6.136163E-15	3.274680E-15
1728.626	3.001191E-14	1.566072E-14	4.031749E-15	1.053075E-15	6.302829E-15	1.728423E-15
1736.733	2.757937E-14	4.140676E-14	2.798513E-14	1.924852E-14	2.699405E-15	4.599428E-16
1744.840	3.151985E-14	2.774406E-14	1.351687E-14	1.498265E-14	2.730409E-15	2.392733E-15
1752.949	3.403175E-14	1.990278E-14	2.400792E-15	7.203871E-15	2.176589E-15	4.580821E-16
1760.954	9.630559E-14	3.347422E-14	3.677583E-15	1.220983E-14	4.203126E-15	3.141743E-15
1769.066	1.634921E-14	3.710310E-16	3.291271E-14	4.105162E-15	1.406200E-14	3.304442E-15
1777.176	5.484129E-15	4.557540E-15	1.213592E-14	1.438443E-14	7.141126E-15	1.996902E-15
1785.283	1.001587E-14	1.762898E-14	2.802779E-14	1.935020E-15	5.446182E-15	3.158854E-15
1793.294	2.594048E-14	2.640874E-14	1.270635E-14	1.936014E-15	4.366323E-15	1.165922E-15
1801.400	6.170637E-14	2.398215E-14	1.389980E-14	5.322428E-16	7.321678E-15	2.512029E-15
1809.520	6.721827E-14	1.785120E-14	4.521825E-15	1.803075E-15	7.477685E-16	3.265874E-15
1817.636	8.403970E-14	2.209128E-14	2.013890E-15	1.634872E-14	9.218791E-16	1.372761E-16
1825.641	5.122223E-14	4.115279E-14	1.153373E-14	1.161905E-14	1.011310E-14	4.932541E-15
1833.748	5.861114E-14	5.561510E-15	1.330953E-14	1.554911E-14	8.320943E-16	1.063543E-14
1841.860	2.682938E-14	3.160715E-15	4.177283E-14	2.466273E-15	1.400869E-14	1.864089E-15
1849.971	1.418652E-14	3.313294E-14	1.882044E-14	2.696677E-14	1.133780E-14	4.227185E-15
1857.978	1.614682E-14	9.940480E-15	2.350196E-15	2.880456E-15	2.856648E-15	6.825270E-15
1866.089	3.555161E-14	2.521628E-14	1.332143E-14	1.780160E-14	1.181052E-14	6.034854E-15
1874.197	8.732542E-14	2.427778E-14	1.710913E-14	3.532738E-15	8.606902E-15	5.003597E-15
1882.304	3.872620E-14	2.081349E-15	8.184528E-15	7.001488E-15	1.825893E-14	3.899182E-15
1890.411	5.245636E-14	3.520239E-14	6.356155E-15	1.402285E-15	1.012872E-14	1.543280E-15
1898.416	3.364684E-14	1.434524E-15	1.904765E-15	1.287500E-14	1.380957E-15	7.430184E-15
1906.523	9.603178E-15	2.337302E-14	4.046033E-14	2.147807E-16	7.338789E-16	3.980658E-16
1914.633	1.663889E-14	3.461707E-14	4.988097E-15	1.314485E-14	7.527284E-15	1.810519E-16
1922.752	3.513890E-14	4.494248E-14	7.692462E-15	1.205855E-15	1.631400E-14	2.097719E-15
1930.759	5.038096E-14	5.575379E-16	5.406759E-16	2.021330E-15	7.026301E-16	1.097471E-15
1938.868	3.310318E-14	7.492067E-15	1.276290E-14	1.593106E-14	5.603921E-15	8.117439E-15
1946.982	8.267065E-14	4.694842E-14	2.969347E-14	6.657244E-15	8.464537E-15	2.022550E-16
1955.094	2.106350E-14	6.440481E-15	1.516370E-14	3.824371E-16	1.064385E-14	4.725936E-16
1963.110	2.325399E-15	2.061509E-14	4.934528E-15	5.158725E-16	7.774557E-15	1.810020E-15
1971.217	6.220241E-14	4.689287E-14	1.759227E-14	3.049158E-14	8.798363E-15	4.008186E-15
1979.321	3.515878E-15	1.033135E-14	4.642858E-15	7.186512E-15	3.016618E-15	2.667412E-15
1987.430	8.198417E-15	3.090080E-14	8.604169E-15	2.145831E-15	1.088120E-14	6.347965E-16
1995.441	7.792858E-14	4.005955E-15	1.681846E-14	1.984128E-14	1.551935E-14	3.606174E-16
2003.551	5.521033E-14	7.996034E-15	4.357740E-14	2.153969E-14	6.380457E-15	6.621984E-17
2011.658	7.861112E-15	3.188493E-14	3.281449E-14	6.430560E-15	6.886659E-15	2.258929E-15
2019.768	1.173175E-13	4.329763E-14	4.466569E-14	8.581278E-17	3.489335E-15	2.254094E-15
2027.876	2.583335E-14	1.235318E-14	2.417957E-14	3.726687E-15	2.951373E-16	2.829119E-15
2035.881	8.712304E-14	1.702382E-14	3.524703E-14	6.994050E-15	2.162700E-16	3.341642E-15
2043.989	9.550399E-14	1.787897E-14	1.472917E-14	1.306349E-14	1.610613E-15	2.759426E-15
2052.104	3.865082E-15	4.175398E-14	1.509524E-14	1.384028E-14	4.942214E-15	5.445688E-15
2060.218	6.866272E-14	2.988493E-14	3.958831E-14	8.066472E-15	2.937254E-15	7.522340E-16
2068.233	5.438494E-14	1.300199E-14	6.830362E-15	5.668153E-15	4.723712E-15	3.526788E-15
2076.339	2.214286E-14	2.898017E-14	9.101195E-15	1.853175E-14	3.052578E-15	9.258427E-16
2084.452	6.785717E-15	6.876987E-14	5.804566E-15	7.151785E-15	9.880709E-15	3.792164E-15
2092.557	4.448811E-14	9.196431E-15	8.221231E-15	4.545637E-15	1.299851E-15	5.437005E-15
2100.564	1.632540E-14	8.369046E-15	1.314481E-15	1.209227E-14	2.647322E-15	1.624008E-15
2108.668	1.048810E-14	5.295042E-14	5.963296E-15	4.965774E-15	5.155257E-15	6.784461E-16
2116.773	2.707144E-14	4.270835E-14	1.473314E-14	1.470586E-14	1.114336E-15	1.015379E-15
2124.884	4.069843E-14	8.338097E-14	7.497025E-15	1.408483E-14	8.301589E-15	4.310508E-16
2132.992	5.317459E-15	7.775795E-15	1.533433E-14	6.116567E-15	7.189980E-15	3.677952E-15
2141.000	5.297618E-15	3.750993E-14	5.650794E-15	1.650744E-14	3.504437E-16	1.101068E-15
2149.111	4.064684E-14	4.924605E-14	4.379466E-14	3.938486E-16	8.834826E-15	2.292907E-15
2157.222	8.325399E-15	5.937304E-14	4.403771E-14	7.691969E-15	1.859626E-15	7.553077E-15
2165.328	9.527383E-14	4.682145E-14	1.892461E-14	6.794149E-15	1.595908E-14	1.438369E-15
2173.435	4.862700E-14	1.038096E-14	7.152779E-15	2.430526E-16	1.005283E-14	5.364089E-15
2181.443	1.131746E-14	2.505159E-14	1.783433E-14	1.234673E-14	1.141097E-14	3.273067E-15
2189.554	1.988890E-14	6.156753E-15	4.835022E-14	7.311018E-15	3.748017E-15	3.922993E-15
2197.660	3.914684E-14	2.735516E-14	6.731154E-15	7.390378E-15	1.117163E-14	4.777158E-15
2205.773	1.485000E-13	9.805560E-15	4.070438E-15	1.151340E-14	4.574906E-15	3.883561E-15
2213.778	5.087699E-14	1.567857E-14	4.165278E-14	3.626935E-14	1.378398E-14	7.002113E-15
2221.889	1.149762E-13	6.026589E-14	5.430555E-15	9.229168E-15	1.138815E-14	6.758684E-15
2229.995	6.075794E-14	4.191668E-14	2.556945E-14	2.855159E-15	9.147322E-15	9.487729E-15
2238.099	5.662701E-15	2.898414E-14	5.464290E-15	1.442213E-14	7.918903E-15	9.387902E-15
2246.205	6.142066E-14	4.625596E-14	5.257873E-17	2.514385E-15	3.209319E-16	1.036955E-15
2254.211	5.550796E-14	3.169644E-14	2.146628E-14	1.468453E-14	5.623764E-15	4.989960E-15
2262.316	4.130160E-14	1.374802E-14	1.747520E-14	1.960120E-14	1.816568E-14	1.315228E-15
2270.426	1.232540E-14	5.369645E-14	5.513890E-15	5.699905E-15	9.805061E-15	3.546876E-15
2278.532	4.909129E-14	3.478173E-15	3.701787E-14	1.017262E-14	7.437748E-15	1.697050E-15
2286.645	3.641271E-14	3.713890E-14	2.051192E-14	5.638890E-15	6.596976E-15	2.065106E-15
2294.652	7.850795E-14	2.752183E-14	1.876191E-14	2.284872E-14	6.292412E-15	4.779515E-15
2302.759	8.676987E-14	1.863890E-14	1.520734E-14	9.849708E-15	6.388397E-15	5.054811E-15
2310.871	1.446826E-14	4.487104E-14	4.101192E-15	1.793750E-14	1.403423E-14	2.625994E-15
2318.978	8.348416E-14	2.675993E-14	7.618058E-15	1.524554E-14	1.073884E-14	3.930998E-17
2326.986	6.730161E-14	9.015879E-15	3.346234E-15	8.533237E-15	2.383682E-15	3.138271E-15
2335.090	3.997224E-14	1.589088E-14	1.496032E-15	7.278275E-15	4.150796E-15	3.977187E-15
2343.198	4.043651E-15	1.749603E-14	1.057044E-14	1.028919E-14	2.020834E-15	5.590289E-16
2351.307	4.341668E-14	4.412690E-15	3.039683E-15	8.722720E-15	1.521429E-14	4.892362E-15
2359.418	3.460715E-14	2.358731E-14	1.509822E-14	3.974209E-15	4.264386E-15	6.772572E-15
2367.424	1.450397E-14	6.646828E-15	8.379962E-15	4.568440E-16	6.430309E-15	4.589289E-15
2375.532	2.246034E-15	9.007940E-15	1.160119E-14	8.295142E-15	1.142436E-14	1.293614E-14
2383.648	2.271826E-14	4.112303E-14	4.409723E-15	1.373909E-14	1.042908E-15	9.265881E-16
2391.755	7.301589E-14	1.654167E-14	2.832342E-15	5.374009E-15	1.762401E-15	7.680808E-15
2399.759	1.295238E-14	1.087699E-14	1.221727E-14	1.169991E-14	2.016375E-16	6.524429E-15
2407.866	4.369049E-14	1.505951E-15	1.148512E-14	7.583335E-15	1.337649E-14	1.407987E-15
2415.972	1.800596E-13	2.378373E-14	7.002981E-15	2.438592E-14	1.839782E-15	2.803697E-15
2424.078	1.908731E-14	1.250000E-14	2.385517E-14	5.620537E-15	2.110118E-15	1.575026E-15
2432.183	2.005159E-14	2.636112E-14	5.117164E-14	1.547867E-14	7.627980E-15	3.117588E-16
2440.190	2.015874E-14	4.970239E-14	4.745040E-15	9.196927E-15	5.103671E-15	1.450025E-15
2448.296	2.181747E-14	3.050993E-14	2.372719E-14	4.725697E-15	9.074935E-16	1.027046E-14
2456.406	1.122977E-13	1.021826E-15	1.482540E-14	1.168154E-15	1.205851E-15	1.961308E-15
2464.516	1.589683E-14	1.565278E-14	1.183433E-14	4.071432E-15	1.026538E-15	7.549577E-16
2472.624	7.566670E-14	5.037700E-14	1.275791E-15	1.046429E-14	1.557044E-15	4.249632E-15
2480.632	3.306350E-14	4.178374E-14	3.193453E-14	1.208681E-14	4.882937E-15	9.453376E-15
2488.746	3.112302E-14	1.269246E-14	1.789386E-14	2.193503E-14	2.698411E-15	3.914559E-15
2496.854	4.824604E-14	4.180556E-15	6.041666E-15	2.081201E-14	3.846972E-15	5.295262E-15
2504.964	7.973415E-14	1.748810E-14	1.694246E-14	4.730657E-15	2.781252E-15	3.306048E-16
2512.970	5.973018E-14	5.293851E-14	8.735118E-15	2.151290E-15	4.607887E-15	2.143479E-15
2521.078	3.273414E-14	3.909525E-14	1.134921E-14	1.240148E-17	7.107636E-15	7.312255E-15
2529.184	9.376590E-14	8.154756E-16	2.469743E-14	1.553771E-14	1.504019E-14	2.065851E-15
2537.290	9.246057E-16	6.100398E-14	4.928177E-14	7.599209E-15	1.312996E-15	9.536960E-15
2545.398	6.506748E-14	4.116668E-14	2.953175E-14	5.222225E-15	2.803327E-15	7.703373E-15
2553.409	4.287302E-14	1.314485E-14	1.359822E-14	9.032722E-16	3.378473E-15	7.847231E-16
2561.517	6.511907E-15	8.269842E-15	1.610318E-14	9.444443E-16	7.445934E-15	3.709453E-15
2569.629	2.974604E-14	8.730170E-16	9.900810E-16	6.030756E-15	1.918404E-15	6.723588E-15
2577.739	2.892857E-15	9.755960E-15	1.444544E-14	8.422598E-16	9.438744E-15	6.438496E-15
2585.745	1.408730E-14	3.704961E-14	1.431647E-14	8.061511E-15	1.498190E-14	1.052865E-14
2593.855	6.369046E-15	2.381181E-17	1.302778E-14	6.408735E-16	9.745541E-15	7.883188E-15
2601.974	4.748811E-14	7.867860E-14	6.776786E-15	4.486609E-15	6.098465E-15	3.102805E-15
2610.087	5.187303E-14	2.366271E-14	2.668354E-14	9.857147E-15	3.412712E-16	7.278397E-15
2618.100	4.575001E-14	2.966271E-14	2.130358E-14	1.494346E-14	7.711313E-15	4.685891E-15
2626.212	1.453572E-14	1.532937E-14	3.111806E-14	1.327580E-14	4.003470E-15	3.573894E-16
2634.322	6.040081E-14	1.327380E-15	5.267845E-16	1.676290E-14	8.368055E-16	2.982392E-15
2642.432	7.541668E-14	1.742066E-15	2.477182E-15	1.170338E-14	1.067262E-14	6.327755E-15
2650.436	4.828176E-14	2.466072E-14	6.138889E-15	9.154769E-15	2.127728E-15	3.212799E-15
2658.546	6.186511E-15	4.353173E-15	4.709324E-15	1.403671E-14	2.210070E-15	2.383558E-15
2666.651	1.134920E-15	6.757938E-15	1.695139E-14	1.168998E-14	4.449405E-16	4.159727E-15
2674.759	3.665080E-14	2.989088E-14	6.414685E-15	6.560020E-15	2.068203E-15	8.531871E-15
2682.870	5.380954E-14	8.089091E-14	6.383928E-15	9.185515E-15	7.007690E-15	2.637648E-15
2690.875	5.549605E-14	2.992858E-14	3.210022E-14	1.788096E-14	8.396084E-15	3.272943E-15
2698.988	4.822621E-14	3.596429E-14	4.244942E-14	8.653274E-15	9.227926E-15	1.985368E-15
2707.095	9.685715E-14	5.971826E-14	1.921528E-14	1.557144E-14	5.469246E-15	6.975443E-16
2715.202	3.407541E-14	3.166666E-15	1.189487E-15	3.893852E-15	1.238220E-14	3.097348E-15
2723.210	1.340080E-14	2.066469E-14	8.991075E-15	6.204368E-15	1.148884E-14	3.332093E-15
2731.320	3.669842E-14	6.791669E-15	2.180457E-14	6.493553E-15	8.063743E-15	2.592636E-15
2739.428	4.348414E-14	4.658733E-15	4.180458E-14	4.566669E-14	1.098216E-15	3.519469E-15
2747.537	3.218651E-14	2.807343E-14	3.111111E-15	1.093949E-14	6.684030E-15	5.548365E-15
2755.648	9.734131E-15	3.241271E-14	1.648612E-14	6.085817E-15	5.815729E-15	2.028149E-15
2763.655	1.525000E-14	2.808533E-14	3.722223E-14	2.317461E-15	9.522326E-15	1.297870E-15
2771.763	2.495635E-14	6.727582E-14	8.046627E-15	4.854666E-15	1.149504E-14	8.078128E-15
2779.870	8.673018E-14	1.208929E-14	6.031750E-15	1.429465E-14	6.937023E-16	5.272818E-15
2787.977	3.759525E-14	5.942264E-14	2.222223E-16	8.654766E-15	4.036706E-15	7.029019E-15
2795.985	2.131349E-14	9.238098E-15	1.138691E-14	1.307639E-14	1.026315E-14	2.395831E-15
2804.095	3.726192E-14	4.186906E-14	1.194048E-14	8.980659E-15	3.643358E-15	4.404763E-15
2812.201	6.013891E-14	6.490677E-14	3.385120E-14	1.313789E-14	4.012402E-15	1.803696E-15
2820.308	6.956353E-15	1.165675E-14	6.792660E-15	5.004962E-15	4.692961E-15	3.015879E-16
2828.418	4.630160E-14	2.967065E-14	1.307640E-14	5.719744E-15	3.707838E-15	2.357763E-15
2836.424	3.244049E-14	2.326192E-14	2.477977E-14	1.799157E-14	9.174359E-15	5.424109E-15
2844.534	2.853175E-14	1.037302E-14	1.739584E-14	1.436161E-14	4.337790E-16	1.717387E-15
2852.646	1.264683E-14	6.349166E-16	5.477186E-15	1.645833E-14	6.876242E-15	1.111360E-15
2860.757	1.176786E-13	6.376984E-15	2.711409E-14	9.139387E-15	5.417410E-15	3.430079E-16
2868.867	3.738100E-15	1.613234E-13	6.524208E-14	3.229164E-16	1.192982E-14	2.334450E-15
2876.870	7.421430E-14	2.839683E-14	1.670239E-14	3.309525E-15	7.011414E-15	3.623884E-15
2884.976	3.351588E-14	4.667065E-14	2.657540E-14	1.910223E-15	2.040926E-15	4.494049E-15
2893.088	9.188098E-14	5.049605E-15	2.653275E-14	5.931053E-15	3.509674E-15	2.538435E-16
2901.196	5.765082E-14	5.855159E-15	1.337997E-14	5.327879E-15	1.263716E-14	5.675226E-15
2909.204	6.230161E-15	1.176786E-14	5.744446E-14	1.436112E-14	1.429614E-14	1.182293E-15
2917.311	9.763891E-14	2.488890E-14	2.361905E-14	1.316965E-15	8.794648E-15	8.761786E-15
2925.420	2.378176E-14	1.433730E-14	4.569645E-14	1.666668E-15	7.254465E-15	5.093009E-16
2933.531	8.587304E-15	2.732739E-14	1.119941E-14	1.408483E-14	8.005957E-16	2.676074E-16
2941.636	1.384008E-13	2.666072E-14	4.024805E-15	1.060368E-14	1.632442E-15	2.850909E-16
2949.649	4.576986E-14	2.721033E-14	2.265675E-14	5.346230E-15	3.001985E-15	6.112362E-16
2957.755	1.687302E-14	2.205358E-14	6.503971E-15	6.712305E-15	2.824877E-16	2.669396E-15
2965.863	1.051587E-15	3.924207E-14	1.447817E-14	1.143651E-14	4.752729E-15	4.371156E-15
2973.973	2.584922E-14	7.832741E-14	3.808533E-14	1.574257E-14	1.013617E-14	8.057791E-15
2981.982	3.652779E-14	4.502581E-14	4.359129E-15	9.999012E-15	2.098462E-15	1.039361E-14
2990.086	1.306350E-14	2.214288E-15	4.348811E-14	2.943255E-14	1.085367E-14	2.902779E-15
2998.198	7.244446E-14	5.587701E-14	5.528772E-15	4.628972E-15	1.388392E-15	1.200955E-14
3006.304	1.484127E-15	2.628374E-14	4.710323E-15	9.215283E-15	6.427335E-15	1.164683E-15
3014.417	1.071627E-13	3.819842E-14	1.416072E-14	1.156499E-14	4.131202E-15	3.884051E-15
3022.431	1.888096E-14	1.753572E-14	2.676390E-14	1.826389E-14	1.184771E-15	6.058162E-15
3030.542	3.271033E-14	2.425596E-14	9.625996E-15	2.597521E-14	8.994548E-15	9.048864E-16
3038.651	7.588097E-14	1.257540E-14	2.144842E-14	6.421132E-15	5.687749E-15	2.229539E-15
3046.759	2.664287E-14	6.929367E-14	1.333136E-14	9.945442E-15	5.813744E-15	3.400176E-15
3054.768	6.739288E-14	2.817461E-14	2.705362E-15	2.238096E-15	4.309278E-15	6.946941E-16
3062.879	3.193651E-14	3.309526E-15	2.998810E-14	3.094743E-15	9.488349E-15	2.511159E-15
3070.986	1.673016E-14	5.706946E-14	5.132937E-15	1.210367E-14	7.078374E-15	2.582837E-15
3079.091	1.689683E-14	3.873414E-14	5.406742E-16	7.093276E-17	1.504663E-14	3.879962E-15
3087.097	1.163095E-14	2.790278E-14	4.786708E-15	1.374256E-14	2.632936E-15	5.565228E-15
3095.209	9.564686E-14	2.467461E-14	4.329363E-15	4.246049E-16	2.812500E-15	3.635293E-15
3103.313	8.285718E-15	1.023810E-15	1.048611E-14	6.327382E-15	1.955109E-15	3.087672E-15
3111.426	6.653970E-14	1.698413E-14	1.453374E-15	7.018855E-16	1.630358E-14	1.308267E-16
3119.538	4.156351E-14	5.898811E-14	4.910715E-15	1.184077E-14	1.833086E-15	4.594370E-15
3127.545	5.098812E-14	3.120041E-14	4.076390E-14	3.720012E-17	1.541667E-15	7.112602E-15
3135.654	2.271033E-14	3.364286E-14	2.901588E-14	3.111658E-14	6.025053E-15	1.110986E-15
3143.762	1.183333E-14	9.940467E-16	5.151788E-15	1.700893E-14	1.418478E-14	2.682169E-15
3151.869	2.918652E-14	2.963096E-14	2.767857E-15	1.228671E-14	5.446923E-15	3.205853E-15
3159.882	9.178577E-15	3.663295E-14	2.949901E-14	2.302679E-14	9.332345E-15	4.559276E-15
3167.994	5.963097E-14	5.944446E-15	6.838295E-15	1.619594E-14	2.618056E-15	5.612849E-15
3176.107	2.905953E-14	3.386905E-15	2.009227E-14	3.417651E-16	4.080110E-15	4.205233E-15
3184.217	5.944443E-15	8.584329E-14	1.502084E-14	1.297272E-14	4.507937E-15	1.025546E-14
3192.225	2.348017E-14	7.070042E-14	1.031747E-16	5.368559E-15	3.684771E-15	2.849579E-15
3200.338	2.585318E-14	5.501986E-15	1.862203E-14	1.513691E-14	6.956836E-16	1.682797E-16
3208.453	8.217860E-14	6.234526E-14	3.201687E-14	7.142871E-16	5.525549E-15	2.401167E-15
3216.557	3.651985E-14	1.625001E-14	3.633434E-14	2.526291E-14	1.984127E-15	5.513148E-15
3224.662	3.753974E-15	1.276786E-14	4.028671E-14	4.162205E-15	3.168901E-15	1.101192E-16
3232.671	5.278176E-14	5.682548E-15	7.799601E-15	1.217907E-14	1.144097E-15	9.181674E-15
3240.779	7.621827E-14	5.292462E-14	2.654465E-14	5.200399E-15	1.244841E-14	2.270092E-15
3248.882	2.516668E-14	3.620041E-14	1.479068E-14	2.424851E-14	2.384672E-15	5.830612E-15
3256.987	3.465874E-14	2.992461E-14	1.146825E-15	1.247521E-15	2.116245E-14	1.255457E-15
3264.999	2.262699E-14	8.041668E-14	1.268353E-14	2.087799E-15	8.135915E-15	3.186137E-15
3273.110	2.840080E-14	1.249999E-15	9.350200E-15	1.598066E-14	5.308285E-15	2.922124E-15
3281.216	4.507938E-15	4.503978E-16	2.526687E-14	1.520437E-14	1.120535E-15	1.203247E-15
3289.324	1.958334E-14	9.307537E-15	3.405756E-15	1.387897E-15	9.196184E-15	2.261038E-15
3297.432	2.039286E-14	1.104167E-14	2.626886E-14	2.746034E-15	3.829366E-15	2.892981E-15
3305.450	1.059683E-13	8.194449E-16	5.151787E-14	1.354167E-14	1.051093E-15	4.273688E-15
3313.558	6.527781E-15	3.696033E-14	7.157738E-15	4.391668E-14	5.839785E-15	5.762158E-15
3321.668	5.311906E-14	4.166668E-14	2.343252E-15	1.840264E-16	6.920391E-15	7.436260E-15
3329.778	1.242857E-14	3.550200E-14	1.097322E-14	5.651789E-15	9.040429E-15	2.859624E-15
3337.790	9.982147E-14	5.177779E-14	1.632143E-14	9.623046E-16	2.304961E-14	4.382072E-15
3345.902	5.948413E-15	2.962302E-14	8.607144E-15	8.938492E-15	9.603177E-15	7.489213E-15
3354.014	4.912700E-14	2.820239E-14	1.815378E-14	8.375000E-15	4.031746E-15	6.555930E-15
3362.125	5.646826E-15	2.478173E-15	1.331747E-14	1.459475E-14	6.156996E-15	5.908980E-15
3370.131	1.284128E-14	1.945239E-14	1.307937E-14	1.119891E-14	1.500001E-15	2.621529E-16
3378.239	5.226192E-14	1.169246E-14	1.543651E-14	9.040677E-15	8.119047E-15	4.134052E-15
3386.352	5.984129E-14	1.049604E-14	6.309531E-15	1.177580E-14	7.212058E-15	2.494420E-15
3394.459	4.401192E-14	3.656748E-15	7.715280E-15	4.844745E-15	8.380456E-16	7.154638E-15
3402.463	4.784128E-14	1.245437E-14	1.223611E-14	9.125500E-15	1.930555E-15	7.351440E-15
3410.570	3.196826E-14	1.326191E-14	1.816370E-14	7.199407E-15	1.262748E-14	6.453129E-15
3418.676	1.854365E-14	1.268056E-14	1.008631E-14	7.544150E-15	2.204367E-15	8.464289E-15
3426.784	8.557940E-14	6.380160E-14	3.763295E-14	6.278271E-15	5.852187E-15	7.051961E-15
3434.896	7.789289E-14	4.952382E-15	1.293453E-14	2.566469E-15	9.690478E-15	6.134423E-15
3442.902	5.161113E-14	1.384524E-14	4.128077E-14	1.431449E-14	6.160715E-16	3.138888E-15
3451.013	1.975397E-14	3.743256E-14	1.161409E-14	7.860123E-15	1.008656E-14	6.185520E-15
3459.127	4.056747E-14	2.994049E-14	1.684723E-14	4.127828E-14	1.641867E-15	1.856771E-15
3467.233	3.731350E-14	6.665081E-14	3.532741E-15	1.923066E-14	7.632439E-15	6.442710E-15
3475.243	1.003572E-14	2.565478E-15	2.182645E-17	7.490077E-16	1.746404E-14	4.545266E-15
3483.348	8.853575E-14	1.757143E-14	1.404564E-14	7.816967E-15	2.168900E-15	7.344745E-15
3491.456	9.989686E-14	2.793649E-15	6.410720E-15	1.699405E-14	6.255705E-15	3.758310E-15
3499.566	7.737701E-14	1.810120E-14	1.766965E-14	1.564435E-14	1.736789E-18	3.675967E-15
3507.675	1.252619E-13	6.215875E-14	5.515885E-16	3.072423E-15	2.400298E-15	8.889138E-15
3515.683	1.076786E-13	3.975993E-14	5.232148E-15	2.803576E-15	1.947419E-15	4.152407E-15
3523.791	1.656350E-14	5.454764E-14	2.121826E-14	4.238593E-15	5.694198E-15	1.868802E-15
3531.901	6.410320E-14	1.955953E-14	3.958345E-16	1.343353E-14	6.216523E-15	2.214163E-15
3540.008	1.911112E-14	3.273809E-15	6.710319E-15	5.208349E-16	6.440976E-15	2.594744E-15
3548.017	8.548416E-14	4.962302E-15	3.469445E-14	4.241075E-16	1.073165E-14	5.153766E-16
3556.128	9.657146E-14	5.333533E-14	2.110120E-14	2.316271E-14	1.974877E-14	8.279512E-15
3564.235	1.615080E-14	2.625003E-15	2.639883E-15	7.792613E-16	5.482638E-15	9.846606E-15
3572.344	1.766667E-14	2.804763E-14	4.638494E-14	6.899310E-15	5.498514E-15	1.765379E-15
3580.459	5.136906E-14	7.863102E-15	6.300597E-15	2.723265E-14	2.483634E-15	1.546999E-15
3588.471	2.831747E-14	3.674604E-14	2.032739E-15	6.191964E-15	7.791421E-15	1.163691E-15
3596.581	7.293652E-15	5.882343E-14	6.667066E-14	5.291169E-15	5.510911E-16	2.991320E-15
3604.693	6.736114E-14	4.751983E-15	2.121627E-14	1.674802E-14	1.362476E-14	3.996530E-15
3612.798	1.541271E-14	3.194448E-16	2.017859E-15	5.603175E-15	1.743303E-15	1.951637E-15
3620.804	6.814288E-14	2.182529E-16	2.496231E-14	3.903767E-16	5.279518E-15	6.629586E-15
3628.912	5.964288E-15	3.092065E-14	9.394850E-16	2.043453E-14	1.459474E-14	6.188123E-15
3637.020	1.702382E-15	5.083137E-14	1.663691E-14	7.326392E-15	1.404588E-14	1.737227E-15
3645.125	1.265874E-15	1.310120E-14	8.615081E-15	5.400797E-15	1.002977E-15	1.075397E-15
3653.234	8.873019E-15	8.567465E-15	2.634921E-14	1.752481E-14	8.554081E-16	5.450523E-15
3661.244	1.220635E-14	3.911310E-14	1.371925E-14	1.601290E-14	9.036960E-15	1.348698E-14
3669.353	5.710320E-14	7.861115E-15	5.618056E-15	1.364485E-14	1.835312E-16	1.650546E-15
3677.467	9.873018E-15	6.777781E-15	1.008931E-15	1.547074E-14	6.898813E-15	7.907987E-15
3685.573	2.230164E-15	9.349209E-15	1.434822E-14	1.389435E-14	3.516870E-16	2.610739E-15
3693.579	3.488494E-14	7.285717E-14	9.382941E-15	1.244296E-14	3.832096E-15	6.119548E-15
3701.685	6.400002E-14	3.557938E-14	2.048314E-14	6.940477E-15	1.073066E-14	1.125993E-15
3709.792	1.412699E-14	3.866073E-14	5.628969E-15	3.950399E-15	6.304566E-16	9.489464E-15
3717.903	1.068294E-13	6.479963E-14	3.988115E-16	2.643849E-15	4.635170E-15	4.620785E-15
3725.917	5.813097E-14	5.904766E-15	8.123015E-15	1.663840E-14	2.253475E-15	3.280878E-15
3734.023	5.007938E-15	6.867066E-15	3.241071E-15	2.916672E-15	1.604661E-15	4.159351E-15
3742.135	6.653574E-14	4.279565E-14	1.359822E-14	7.638926E-17	5.790181E-15	1.391378E-16
3750.255	1.776191E-14	2.733930E-14	7.673613E-15	8.909226E-15	7.836812E-15	1.011900E-16
3758.263	6.843256E-14	1.901191E-14	2.738096E-15	1.445932E-15	6.508930E-15	7.227309E-15
3766.368	1.004366E-14	2.037897E-14	4.533730E-16	1.280506E-14	1.228845E-14	1.637649E-15
3774.478	4.996033E-14	4.663691E-14	4.102183E-15	5.479665E-15	6.532742E-16	8.691469E-15
3782.583	3.981747E-14	6.537700E-14	1.992263E-14	8.831847E-15	5.367562E-15	6.430435E-15
3790.693	5.661112E-14	8.093256E-15	2.082640E-14	1.034921E-14	1.422843E-14	4.438245E-15
3798.700	1.249603E-14	1.109326E-14	2.452382E-14	1.280758E-15	1.318204E-15	2.427085E-15
3806.805	4.992858E-14	5.755756E-14	1.315080E-14	1.982144E-14	1.441518E-14	7.473464E-15
3814.913	2.733731E-14	3.365279E-14	2.510021E-14	7.995541E-15	9.182295E-15	5.662950E-15
3823.020	7.418653E-14	1.200399E-15	1.215080E-14	1.031251E-15	2.777531E-15	3.359996E-15
3831.132	4.203573E-14	2.517461E-14	1.516667E-14	2.628473E-15	5.641865E-15	2.083086E-15
3839.136	6.350398E-14	2.966272E-15	1.417461E-14	8.474211E-15	1.194940E-15	2.174107E-15
3847.244	2.844445E-14	2.806747E-14	4.964189E-14	4.647831E-16	1.899207E-14	2.116197E-15
3855.354	3.734130E-15	1.739287E-14	1.760219E-14	1.732641E-15	3.586310E-16	2.043898E-15
3863.468	2.001192E-14	1.601786E-14	2.458037E-14	3.510915E-15	4.223710E-15	1.025360E-14
3871.477	3.796827E-14	8.753972E-15	1.102480E-14	1.145834E-14	1.560764E-15	1.463294E-15
3879.583	3.055578E-16	2.983731E-14	1.403571E-14	1.015476E-14	1.458334E-15	1.010417E-15
3887.690	2.654763E-14	3.324604E-14	1.411112E-14	9.120537E-15	1.433681E-14	6.917787E-15
3895.799	4.623017E-14	3.718652E-14	7.400796E-15	4.657244E-15	1.206846E-14	1.491444E-15
3903.907	3.036509E-14	1.711310E-14	6.657740E-15	3.920138E-15	2.392861E-15	5.763767E-15
3911.920	1.455159E-14	4.535715E-14	2.114485E-14	1.742659E-14	1.479985E-14	2.742810E-15
3920.034	5.490081E-14	2.937501E-14	2.201985E-14	9.343752E-15	1.116068E-16	1.355779E-15
3928.147	7.810319E-14	4.738890E-14	3.927581E-15	3.650795E-15	4.858138E-15	7.709328E-15
3936.252	1.284484E-13	2.612898E-14	2.165080E-14	1.087848E-14	3.406498E-15	4.149925E-15
3944.258	1.600001E-14	2.713691E-14	8.667665E-15	1.347620E-14	4.550100E-15	4.579118E-15
3952.369	4.543658E-15	2.506946E-14	1.580754E-14	1.349951E-14	2.027034E-15	2.756326E-15
3960.482	9.400400E-14	3.320636E-14	4.930552E-16	4.398811E-15	2.291172E-15	4.433411E-15
3968.589	1.262699E-14	1.979961E-14	6.709326E-15	1.511855E-14	1.439510E-14	3.977308E-15
3976.600	3.010716E-14	3.582343E-14	3.368056E-15	1.919743E-14	8.903278E-15	1.108013E-15
3984.721	6.392859E-15	2.489287E-14	4.900816E-16	3.616047E-16	1.909223E-15	3.667908E-15
3992.828	4.825396E-15	4.777782E-15	4.915478E-14	1.242808E-14	4.656250E-15	4.397329E-16
4000.936	8.714686E-14	2.769445E-14	9.326392E-15	1.184028E-14	5.230906E-15	8.603675E-15
4008.943	2.392064E-14	9.576988E-14	1.734723E-14	1.633135E-14	1.043130E-14	1.092509E-15
4017.050	8.523019E-14	2.733334E-14	5.496044E-16	1.325943E-14	3.199413E-16	8.271206E-15
4025.163	8.031752E-15	1.234921E-14	6.920637E-15	3.428073E-15	8.626240E-15	9.811509E-16
4033.272	5.202383E-15	2.352777E-14	5.437502E-15	2.476737E-14	1.103920E-15	5.033473E-16
4041.382	2.453969E-14	1.847222E-15	1.067758E-14	1.770337E-15	5.887899E-15	2.226193E-15
4049.388	1.791072E-13	2.966072E-14	3.863493E-14	1.863989E-14	1.669693E-14	1.691471E-15
4057.498	6.978970E-14	2.504763E-14	7.572424E-15	9.144347E-15	9.404765E-15	5.313618E-15
4065.611	2.420626E-16	5.134327E-14	1.288492E-14	4.412702E-15	6.647075E-15	1.722223E-15
4073.723	5.595238E-15	1.353373E-14	2.211508E-14	1.351687E-14	7.496779E-15	3.229666E-15
4081.730	4.180954E-14	1.425397E-14	7.456356E-15	1.080308E-14	5.824653E-15	4.791792E-15
4089.839	6.509525E-14	3.144844E-15	1.096429E-14	7.029766E-15	2.807540E-16	8.357395E-15
4097.945	9.582938E-14	1.220635E-14	6.345240E-15	4.181053E-15	3.111113E-15	1.727183E-15
4106.055	7.865083E-15	3.382933E-15	7.410715E-15	1.356895E-14	4.444446E-15	3.826763E-15
4114.062	5.380955E-15	1.458334E-14	2.383929E-15	1.603275E-14	4.414435E-15	1.194966E-14
4122.171	7.209526E-14	2.599406E-14	3.742362E-14	2.269743E-14	5.926097E-15	1.597223E-15
4130.278	3.572620E-14	3.571430E-14	2.584327E-15	7.052087E-15	3.147571E-15	4.833458E-15
4138.383	4.550796E-14	2.052580E-14	9.648814E-15	1.818701E-14	9.706848E-15	5.979911E-15
4146.487	7.526590E-14	2.347222E-15	1.203969E-14	3.192463E-15	3.532739E-15	1.255208E-15
4154.497	5.785715E-15	5.605359E-14	2.381152E-14	2.281724E-17	6.398815E-16	3.251366E-15
4162.610	2.973413E-14	3.835319E-15	6.959326E-15	1.388393E-14	3.392116E-15	6.637153E-15
4170.719	3.615079E-15	2.929366E-14	2.018949E-14	4.784228E-15	1.035095E-14	7.759181E-16
4178.830	4.748811E-14	1.627580E-14	1.320834E-14	4.254466E-15	2.960566E-15	3.441220E-16
4186.841	3.670240E-14	6.524010E-14	1.755972E-16	3.254465E-14	1.881325E-14	4.462925E-15
4194.956	8.316669E-14	1.224207E-14	5.376977E-16	1.438592E-14	5.610113E-16	5.993182E-15
4203.071	2.055953E-14	4.172621E-14	1.544842E-14	3.279269E-15	7.324158E-15	2.046006E-15
4211.182	1.044762E-13	2.850993E-14	3.007937E-15	1.499999E-15	5.036212E-15	8.876500E-16
4219.193	5.301192E-14	4.570041E-14	2.167659E-14	1.174602E-15	9.461819E-16	3.192958E-15
4227.303	1.487302E-14	2.826986E-14	9.176592E-16	9.614088E-15	1.403944E-14	3.642857E-15
4235.411	6.727382E-14	1.067659E-14	1.186112E-14	1.440030E-14	2.375248E-15	9.739587E-15
4243.517	4.667858E-14	5.467263E-14	4.582341E-15	4.979166E-15	6.036697E-16	1.612722E-15
4251.527	4.996827E-14	1.712304E-15	7.837340E-16	3.252976E-15	1.575422E-14	6.535964E-15
4259.637	3.690478E-15	5.607146E-14	2.296727E-14	1.319940E-14	1.151041E-15	5.610990E-15
4267.742	3.968653E-14	8.238101E-15	3.688493E-14	1.092261E-15	8.298613E-15	5.032739E-15
4275.851	6.723811E-14	7.099209E-15	2.348210E-15	1.447024E-14	6.820936E-15	1.252487E-16
4283.962	8.537701E-14	4.786906E-14	2.877317E-17	8.246034E-15	7.899803E-15	4.436757E-15
4291.972	8.190474E-15	3.327978E-14	3.524802E-15	1.926936E-14	3.200397E-15	5.397323E-15
4300.085	5.814685E-14	1.669643E-14	5.947423E-15	8.320937E-15	1.205107E-15	7.545883E-15
4308.192	5.655161E-14	3.687104E-14	1.828671E-14	1.090427E-14	1.092138E-14	7.198164E-15
4316.299	5.717462E-14	9.109130E-15	4.187502E-15	1.271132E-14	2.130459E-15	7.653029E-15
4324.311	5.073810E-14	2.167858E-14	3.371133E-14	9.526788E-15	5.990330E-15	7.129711E-15
4332.420	9.128177E-14	1.735914E-14	1.867065E-15	2.597719E-15	8.333832E-15	1.755954E-15
4340.529	9.126193E-14	6.924630E-16	4.403772E-15	7.499996E-16	5.781994E-15	4.015374E-16
4348.639	1.647619E-14	1.728171E-15	1.425199E-14	1.043105E-14	3.934278E-15	1.855531E-15
4356.648	6.087303E-14	1.768453E-14	2.089088E-14	3.596726E-15	1.529514E-14	3.236981E-15
4364.756	5.299605E-14	4.331350E-15	2.045834E-14	1.112649E-14	4.025792E-15	8.564000E-16
4372.862	1.051191E-14	5.051588E-15	1.858533E-14	1.464435E-14	1.519048E-14	6.634054E-15
4380.968	1.017580E-13	2.033334E-14	3.475196E-15	1.154663E-14	1.413609E-17	3.285467E-15
4389.074	1.129762E-14	1.736113E-15	2.678969E-14	3.047322E-14	6.156746E-15	1.558782E-15
4397.084	2.436906E-14	3.058930E-14	5.203374E-15	1.896528E-14	1.543900E-15	5.529523E-16
4405.194	8.548416E-14	2.631548E-14	1.466667E-14	1.212699E-14	3.160714E-15	7.406750E-15
4413.299	1.241350E-13	3.479564E-14	1.969445E-14	3.018354E-15	3.787947E-15	9.265874E-16
4421.405	3.685318E-14	2.163294E-14	1.568453E-14	2.742067E-15	1.827803E-14	7.318934E-16
4429.512	1.741271E-14	4.745240E-14	2.568156E-14	1.273264E-14	9.038440E-15	7.671505E-15
4437.522	6.484129E-15	1.136111E-14	9.671629E-15	1.388840E-14	6.895834E-15	5.086064E-15
4445.632	7.651589E-14	1.739485E-14	3.393850E-15	1.783681E-14	8.939733E-15	2.243800E-15
4453.738	1.609365E-13	9.200405E-15	6.781748E-15	6.311509E-15	1.254958E-15	3.621032E-15
4461.845	4.188890E-14	2.278771E-14	1.377282E-14	3.657243E-15	1.486682E-14	2.025299E-15
4469.951	5.387303E-14	1.896033E-14	4.497025E-15	6.293653E-15	8.352431E-15	2.144469E-15
4477.964	7.261908E-16	1.585318E-15	4.759921E-15	3.785220E-15	5.561263E-15	1.748883E-15
4486.072	1.222223E-14	2.071628E-14	1.066766E-14	6.543653E-15	8.112605E-16	3.962426E-15
4494.179	1.242858E-14	5.399009E-14	8.214276E-16	1.755952E-16	5.929068E-15	5.831228E-15
4502.288	9.916668E-15	2.188493E-14	5.055559E-15	3.591770E-15	1.033854E-14	5.335815E-15
4510.303	1.263096E-14	2.158136E-14	1.857242E-14	8.592265E-15	9.531250E-15	1.934772E-15
4518.411	3.145239E-14	2.736509E-14	1.478870E-14	2.302282E-14	5.017611E-15	5.059517E-16
4526.517	2.575001E-14	2.319445E-14	2.005159E-14	2.643355E-15	7.328377E-15	7.396083E-15
4534.621	3.352382E-14	1.968255E-14	5.907443E-14	1.174951E-14	1.167038E-14	6.884180E-15
4542.731	1.243651E-14	5.376984E-16	1.752481E-14	2.211161E-14	3.992065E-15	1.596234E-15
4550.739	6.998415E-14	9.958335E-15	1.196925E-14	2.160268E-14	2.401043E-15	8.794648E-16
4558.850	7.314684E-14	6.303573E-15	1.837798E-14	4.013391E-15	2.460330E-16	4.156129E-15
4566.956	3.851589E-14	4.092461E-14	1.561607E-14	6.989587E-15	1.420140E-15	7.163570E-15
4575.066	9.428971E-14	4.287700E-14	2.901786E-14	6.617560E-15	7.504218E-15	1.839534E-15
4583.071	6.828573E-14	3.058334E-14	9.004964E-15	5.990084E-15	6.676337E-15	1.013269E-15
4591.179	1.547609E-16	2.798017E-14	3.763294E-14	1.408742E-16	4.857393E-15	2.711311E-15
4599.285	5.271430E-14	2.791668E-14	4.816471E-15	1.762897E-15	1.585815E-15	5.109504E-15
4607.398	5.192066E-14	1.513888E-15	2.439981E-14	1.309623E-14	1.209077E-15	5.430185E-15
4615.506	9.823416E-14	3.477580E-14	2.429763E-14	2.846330E-14	2.982391E-15	5.249259E-16
4623.515	2.779763E-14	1.512897E-14	1.478076E-14	2.311707E-14	7.703398E-16	7.515750E-15
4631.619	1.033730E-14	7.054765E-14	8.457344E-15	1.857689E-14	4.506448E-15	9.101442E-15
4639.732	1.915477E-14	5.744048E-15	1.635120E-14	2.342261E-15	1.696434E-16	5.973091E-15
4647.841	3.270239E-14	3.686509E-14	1.675596E-14	2.481747E-14	4.570436E-15	1.897199E-15
4655.853	2.963890E-14	1.604167E-14	6.122024E-15	5.431550E-15	2.292907E-15	4.482888E-15
4663.962	1.006746E-14	4.295635E-15	3.841071E-14	1.937252E-14	1.379862E-14	3.255954E-15
4672.069	3.212303E-14	1.033135E-14	1.182937E-14	9.739093E-15	3.599208E-15	6.004459E-16
4680.177	3.978573E-14	3.884525E-14	1.093850E-14	2.050695E-14	1.032962E-14	4.094711E-18
4688.283	7.595242E-15	6.035915E-14	1.277778E-14	9.466768E-15	1.216765E-15	4.638274E-15
4696.293	1.948413E-14	8.047623E-15	4.291666E-15	1.461856E-14	2.827382E-15	4.822051E-15
4704.399	3.347620E-14	3.771430E-14	5.626985E-15	3.645338E-15	1.893851E-15	4.916297E-15
4712.501	6.349079E-17	4.973414E-14	2.160516E-14	3.537202E-15	1.421949E-14	8.087802E-15
4720.607	1.140477E-14	2.162699E-15	1.030753E-15	8.227184E-15	7.119791E-15	2.126241E-15
4728.717	1.759127E-14	1.804366E-14	3.283831E-14	4.791666E-15	6.966273E-15	3.070565E-15
4736.729	6.873018E-14	3.781747E-14	7.592265E-15	3.853672E-15	3.767607E-15	5.675721E-15
4744.841	7.293654E-15	2.857342E-14	1.203969E-14	1.678324E-14	8.438742E-15	5.586310E-15
4752.948	2.456350E-14	1.180557E-15	5.853169E-16	2.545143E-15	6.674097E-16	3.131325E-15
4761.063	3.844445E-14	1.075199E-14	4.157736E-15	5.876986E-15	6.046629E-16	1.521206E-15
4769.070	2.087699E-14	8.821430E-15	1.333135E-14	2.311756E-14	4.470734E-15	2.654885E-15
4777.185	4.923811E-14	4.563495E-15	2.656846E-14	8.247028E-15	1.753324E-14	7.681052E-16
4785.294	6.309526E-15	1.081350E-15	1.099504E-14	1.609127E-14	1.370536E-14	8.759925E-15
4793.401	3.919446E-14	1.135715E-14	1.683631E-14	1.125199E-14	2.978671E-16	2.624753E-15
4801.406	5.775794E-14	2.909128E-14	2.458632E-14	6.886410E-15	1.485120E-15	4.373510E-15
4809.515	4.346430E-14	1.377977E-14	2.854763E-14	2.177233E-14	9.474210E-17	6.489333E-16
4817.620	2.567064E-14	1.676389E-14	1.076885E-14	1.182342E-14	2.493056E-15	6.861856E-15
4825.727	5.432546E-15	4.502382E-14	2.004962E-15	1.898611E-14	5.419396E-15	3.458830E-15
4833.835	5.555954E-14	1.159921E-14	6.388889E-15	5.225698E-15	7.132194E-15	3.444938E-16
4841.857	5.043653E-14	1.448215E-14	2.471925E-14	6.379467E-15	2.365079E-15	6.938124E-15
4849.967	3.941271E-14	2.190278E-14	7.945436E-15	9.786705E-15	7.554566E-15	2.065478E-15
4858.074	2.862303E-14	6.150398E-14	6.081352E-15	2.291174E-15	4.891121E-15	7.719488E-16
4866.180	9.678573E-14	5.287304E-14	6.269846E-15	9.518853E-15	9.087316E-16	2.206226E-15
4874.187	4.157541E-14	7.065476E-15	1.650397E-14	3.070428E-16	1.353696E-14	5.286337E-15
4882.292	5.340477E-14	2.981746E-14	2.060318E-14	2.357641E-15	2.377977E-15	2.479295E-15
4890.399	5.968258E-15	1.712501E-14	1.495238E-14	4.234626E-15	1.174554E-14	5.170884E-15
4898.507	8.000003E-15	5.875002E-14	1.733235E-14	2.569346E-14	5.800347E-15	1.084611E-14
4906.618	5.521826E-14	5.678772E-14	2.979267E-14	1.924058E-14	3.664932E-15	2.489334E-15
4914.624	5.190478E-14	4.086112E-14	2.837104E-14	2.853671E-15	8.868307E-15	1.117584E-14
4922.732	1.091588E-13	1.178770E-14	9.340282E-15	6.872524E-15	1.246379E-14	6.229292E-15
4930.839	1.248294E-13	4.402779E-14	1.555258E-14	1.327877E-14	7.020338E-15	4.057292E-15
4938.952	2.619034E-16	5.833334E-15	2.480854E-14	8.616074E-16	1.010219E-14	5.052080E-16
4946.963	3.380160E-14	2.323412E-15	1.417957E-14	4.720240E-15	1.058110E-14	4.603423E-15
4955.071	2.916666E-15	9.759922E-15	2.009524E-14	2.552828E-14	6.682541E-15	1.184276E-15
4963.175	1.289683E-15	2.588295E-14	2.287500E-14	1.185218E-14	5.554318E-15	4.304565E-15
4971.278	8.972230E-15	4.778573E-14	8.908731E-15	3.185515E-15	8.798365E-15	6.829365E-15
4979.385	2.563890E-14	1.693255E-14	1.802084E-14	1.469445E-14	1.830482E-14	6.984625E-15
4987.390	1.826985E-14	6.294050E-14	1.268452E-14	1.557491E-14	2.074406E-15	1.133432E-15
4995.499	3.196826E-14	4.426589E-14	3.345537E-14	2.312006E-15	2.939981E-15	1.343974E-14
5003.607	6.551590E-15	4.138894E-15	8.432689E-17	2.720736E-15	1.034326E-14	2.959573E-15
5011.721	1.267461E-14	1.668646E-15	1.860318E-14	6.250500E-15	3.798362E-15	4.255582E-15
5019.731	5.956350E-15	4.771430E-14	1.347719E-14	3.327880E-15	2.488095E-15	7.857889E-15
5027.840	1.036905E-14	5.172624E-15	3.019346E-14	2.666668E-15	1.770537E-14	3.002107E-15
5035.949	6.353574E-14	1.520041E-14	5.948418E-15	1.554564E-14	3.380952E-15	1.510666E-15
5044.064	2.280159E-14	3.935319E-14	1.847421E-14	3.615279E-14	1.493379E-14	3.519223E-15
5052.170	1.073016E-14	2.196429E-14	2.997024E-15	2.075249E-14	2.800846E-15	7.618557E-15
5060.179	4.646823E-15	2.908136E-14	9.420639E-15	5.283731E-15	4.419395E-15	2.738838E-15
5068.293	1.847223E-14	2.990279E-14	1.869842E-14	3.985618E-15	1.375571E-14	4.522698E-15
5076.406	9.180161E-14	2.986906E-14	4.365089E-16	4.852185E-15	7.403028E-15	4.720117E-15
5084.515	6.652780E-14	2.594644E-14	1.201290E-14	2.377976E-15	2.687749E-15	1.044272E-15
5092.520	8.205558E-14	3.044644E-14	3.140675E-14	1.076389E-14	4.983135E-15	2.589783E-15
5100.623	6.757939E-14	2.216270E-15	3.910717E-15	3.933520E-16	9.701147E-15	4.038195E-15
5108.730	3.503968E-15	5.105359E-14	1.396925E-14	6.755954E-15	5.039683E-15	5.267241E-15
5116.840	1.958731E-14	2.669048E-14	3.903077E-14	1.332937E-14	2.353422E-15	6.110740E-15
5124.951	4.396827E-14	2.522619E-14	3.714088E-14	7.655756E-15	8.888909E-16	2.759177E-15
5132.961	2.965080E-14	3.544843E-14	2.502580E-14	1.838791E-15	5.533232E-16	3.642735E-15
5141.070	8.073416E-14	4.083533E-14	5.205360E-15	1.153076E-14	6.093759E-16	8.525055E-15
5149.175	8.079365E-15	3.093255E-14	2.807541E-15	6.593256E-15	4.511904E-15	7.945315E-15
5157.280	2.503969E-14	3.536311E-14	4.477185E-15	1.217957E-14	8.461312E-15	6.367437E-15
5165.288	6.547667E-16	2.080556E-14	8.370043E-15	1.291369E-14	3.858631E-15	8.239089E-15
5173.392	7.013494E-14	4.721033E-14	2.668255E-14	5.672620E-15	1.338815E-14	4.219992E-15
5181.507	2.949207E-14	1.736112E-15	3.372422E-14	8.854169E-15	6.324427E-16	2.012775E-15
5189.615	1.098016E-14	1.610517E-14	4.436509E-15	3.970735E-15	9.758933E-15	5.473714E-16
5197.728	8.767861E-14	4.334723E-14	4.597323E-14	8.522818E-15	1.056201E-14	1.311259E-15
5205.735	2.036906E-14	5.376983E-15	1.757938E-15	1.628471E-15	6.309771E-15	2.041191E-16
5213.844	6.745976E-17	2.202779E-14	5.860120E-15	1.386112E-14	5.807789E-15	3.915181E-15
5221.955	1.039842E-13	1.922222E-14	1.557540E-15	1.112104E-15	1.476196E-15	7.158235E-15
5230.063	4.162696E-15	2.559526E-15	1.436905E-14	2.800001E-14	4.229415E-15	1.058409E-15
5238.072	5.300001E-14	9.144848E-15	3.173910E-14	1.240130E-14	5.728177E-15	2.027035E-15
5246.180	6.026590E-14	1.755358E-14	8.184520E-16	3.313493E-15	5.920388E-15	1.410964E-15
5254.286	7.420240E-14	5.531743E-15	1.429564E-14	4.805556E-15	9.832343E-15	4.631697E-16
5262.399	1.452380E-15	1.001985E-14	8.125006E-16	1.969240E-16	4.111856E-15	8.623883E-15
5270.503	6.223812E-14	5.041668E-15	1.794941E-14	3.205853E-15	8.700396E-16	9.839911E-15
5278.514	9.388889E-15	4.305548E-16	1.749008E-14	1.391171E-14	8.880706E-15	3.854167E-15
5286.629	4.758731E-14	5.692859E-14	9.198415E-15	1.177581E-15	4.890626E-15	4.150793E-15
5294.740	2.203970E-14	2.053969E-14	7.443455E-15	2.535712E-15	8.420886E-15	3.738097E-15
5302.753	5.061906E-14	5.522622E-14	1.708632E-14	6.944449E-16	3.203872E-15	6.611856E-15
5310.861	5.327779E-14	3.566668E-14	6.953376E-15	6.098712E-15	3.987848E-15	2.584948E-15
5318.971	3.264683E-14	2.747620E-14	4.665678E-15	8.832837E-15	1.033259E-14	3.209204E-15
5327.084	4.290081E-14	3.309326E-14	3.152779E-15	6.869051E-15	7.591746E-16	3.064979E-15
5335.098	8.174607E-15	9.184528E-15	1.996528E-14	7.475697E-15	5.470242E-15	1.521453E-15
5343.207	2.395635E-14	5.109124E-15	9.653773E-15	5.226193E-15	1.725447E-15	2.240852E-16
5351.318	5.166668E-14	2.469048E-14	2.891370E-14	8.524309E-15	2.577629E-15	4.159477E-15
5359.427	1.510715E-14	3.849212E-15	1.765973E-14	3.964784E-15	9.579615E-15	3.472968E-15
5367.443	8.195240E-14	3.736311E-14	1.072024E-14	1.171181E-14	3.108632E-15	5.158856E-15
5375.551	2.502382E-14	1.192262E-14	3.326387E-15	1.298215E-14	4.300597E-16	6.037200E-15
5383.664	5.469844E-14	4.722207E-16	2.690476E-14	4.521827E-15	2.156399E-14	3.158731E-15
5391.769	3.438493E-14	7.384923E-15	1.528572E-14	1.411657E-14	2.769843E-15	1.569941E-15
5399.876	5.884526E-14	1.766469E-14	1.459623E-14	3.100198E-15	1.779390E-14	2.430550E-16
5407.884	7.162701E-14	2.605357E-14	4.977185E-15	5.100693E-15	9.435024E-15	5.277532E-15
5415.993	7.863097E-14	8.795637E-15	1.493750E-14	1.356895E-14	4.228672E-15	2.643729E-15
5424.100	6.277780E-14	3.214283E-16	4.516860E-15	7.031254E-15	1.429813E-15	5.467512E-15
5432.208	8.497225E-14	1.034127E-14	1.157441E-14	1.758284E-14	6.519099E-15	4.683037E-15
5440.316	2.862700E-14	1.281350E-14	4.339982E-14	1.403473E-14	9.893109E-15	9.092761E-15
5448.323	1.392064E-13	4.080160E-14	4.829363E-15	8.115110E-16	8.958586E-15	5.355777E-15
5456.434	3.646830E-15	2.264881E-14	1.506052E-14	1.546429E-14	3.903774E-15	1.228051E-14
5464.546	4.920636E-14	2.201787E-14	1.546628E-14	4.002480E-15	6.149804E-15	4.941964E-15
5472.651	4.921827E-14	1.257341E-14	1.738592E-14	4.921131E-15	5.391370E-15	5.612105E-15
5480.659	1.234127E-14	1.665477E-14	1.275099E-14	1.524405E-14	8.162704E-15	5.685021E-15
5488.766	2.979366E-14	8.930560E-15	6.077385E-15	6.008932E-15	7.181055E-15	8.121308E-16
5496.883	3.355557E-14	3.682144E-14	2.156747E-15	1.749009E-14	6.363592E-15	7.709947E-15
5504.996	1.663096E-14	3.490081E-15	2.790576E-14	6.051574E-16	5.699653E-15	9.007926E-16
5513.005	7.164289E-14	5.967661E-14	2.221233E-15	1.424604E-14	7.369298E-15	2.154039E-16
5521.120	3.880557E-14	1.510516E-14	1.963393E-14	2.539189E-15	1.637104E-14	2.913816E-15
5529.234	5.029764E-14	5.629763E-14	2.371032E-14	1.447421E-15	2.546627E-15	1.175348E-15
5537.345	3.845636E-14	1.897223E-14	5.664682E-15	1.622620E-14	1.390104E-14	1.373860E-14
5545.350	9.272225E-14	3.487302E-14	1.590973E-14	1.095834E-14	1.189311E-14	2.244916E-15
5553.460	2.289286E-14	1.390873E-14	5.806549E-15	1.172618E-15	1.671205E-14	2.275175E-15
5561.571	1.078334E-13	7.869051E-15	2.393056E-14	1.015823E-14	3.298693E-17	3.548860E-15
5569.682	4.009525E-14	8.690481E-15	1.884914E-17	5.746036E-15	3.795885E-15	7.886790E-15
5577.692	1.942461E-14	2.677778E-14	5.273811E-15	2.207838E-14	1.662624E-14	1.092884E-15
5585.802	5.904769E-15	2.241270E-14	1.771727E-14	5.203374E-15	4.833841E-16	2.086930E-15
5593.912	9.730955E-14	4.188295E-14	1.369047E-16	2.867065E-15	9.900551E-15	2.958706E-15
5602.027	3.276588E-14	3.934526E-15	1.442362E-14	7.474209E-15	1.213071E-14	1.153013E-14
5610.034	3.880952E-15	1.926390E-14	2.495933E-14	1.150100E-14	7.214285E-15	3.654020E-15
5618.150	3.970239E-14	1.972223E-14	7.262897E-15	7.933039E-15	2.119148E-14	5.874266E-16
5626.254	5.425001E-14	2.684723E-14	6.167659E-15	1.126985E-15	4.671133E-15	9.041050E-15
5634.360	9.946828E-14	1.508731E-14	1.492659E-14	9.384427E-15	1.992560E-15	2.501365E-15
5642.467	2.387699E-14	3.766470E-14	1.590675E-14	4.796630E-15	4.943950E-15	1.196218E-14
5650.482	1.243572E-13	1.736905E-14	5.271826E-15	1.167064E-14	2.364831E-15	1.952258E-15
5658.586	2.472620E-14	3.686906E-14	1.590378E-14	5.515865E-16	4.473464E-15	5.485866E-15
5666.699	3.325397E-14	9.406753E-15	1.102481E-14	9.116569E-15	3.696678E-15	7.446057E-15
5674.816	2.233334E-14	6.403772E-14	6.756948E-14	2.267858E-14	1.596976E-15	5.003348E-15
5682.835	7.457939E-14	1.072620E-14	3.830359E-15	2.098066E-14	7.075400E-15	6.211931E-15
5690.939	7.517463E-14	2.365874E-14	2.138691E-14	2.091271E-15	2.907984E-15	1.116357E-14
5699.048	1.507938E-14	4.276390E-14	1.956251E-14	2.155557E-14	1.105656E-15	1.043776E-15
5707.159	7.517859E-14	2.286310E-14	1.173413E-14	1.120437E-14	2.063245E-15	2.738095E-15
5715.173	4.085715E-14	1.092064E-14	2.296429E-14	5.305061E-15	7.048615E-15	6.827139E-15
5723.279	2.428175E-14	4.045636E-14	3.343234E-16	2.108235E-14	9.274802E-15	3.018354E-15
5731.389	8.444844E-14	6.833732E-14	4.665674E-15	1.410020E-14	1.971726E-15	5.296008E-15
5739.501	6.408732E-14	4.269248E-14	2.360318E-14	8.560023E-15	1.382045E-14	1.310045E-14
5747.510	1.107540E-14	2.216667E-14	1.014286E-14	2.759428E-15	7.676590E-15	8.094249E-15
5755.624	2.567461E-14	5.407741E-14	1.674603E-14	1.194991E-14	4.593752E-15	7.775304E-16
5763.729	8.478178E-14	9.690480E-15	2.355259E-14	1.297173E-14	1.661707E-15	3.080605E-15
5771.837	1.037302E-14	6.365279E-14	2.069048E-14	1.180011E-14	5.553075E-15	3.515997E-15
5779.846	5.884128E-14	2.026786E-14	3.230160E-15	4.127483E-15	1.877486E-16	5.091394E-15
5787.951	3.517065E-14	8.369047E-15	3.201393E-15	2.618552E-14	7.899323E-16	8.481898E-15
5796.068	5.797621E-15	1.551191E-14	2.368751E-14	3.499008E-15	1.094023E-14	2.288071E-15
5804.176	5.178572E-14	3.740676E-14	1.280655E-14	3.296131E-15	5.014877E-16	3.395585E-15
5812.286	6.301589E-14	6.822819E-14	8.756946E-15	2.184872E-14	5.125247E-15	1.162202E-15
5820.294	2.834128E-14	2.982147E-15	8.797621E-15	9.351193E-15	1.039807E-14	7.423614E-15
5828.406	6.444050E-14	5.564288E-14	2.253572E-14	1.927927E-14	2.514386E-15	3.335565E-15
5836.508	3.584525E-14	4.298017E-14	6.852184E-15	1.044048E-14	2.888147E-15	3.950889E-16
5844.615	5.213891E-14	3.637700E-14	3.048017E-14	3.670635E-15	1.141171E-14	5.031129E-15
5852.721	4.881748E-14	2.511906E-15	1.210417E-14	1.378870E-14	1.037674E-14	1.224021E-14
5860.733	2.351985E-14	3.464089E-14	6.259972E-16	1.615080E-14	9.708089E-15	4.667668E-16
5868.840	3.342858E-14	8.426589E-15	1.033532E-14	1.845237E-15	4.654762E-15	7.584077E-15
5876.950	1.161508E-13	4.589882E-14	3.649802E-15	2.627976E-15	9.137894E-15	7.486356E-16
5885.062	8.411114E-14	8.472821E-14	8.219245E-15	7.316468E-15	2.738101E-16	4.118802E-15
5893.072	7.699208E-14	5.111113E-14	6.929565E-15	7.452384E-15	1.216022E-14	1.365440E-14
5901.176	3.531747E-14	3.847422E-14	8.423612E-15	1.036214E-15	2.421877E-15	1.906375E-15
5909.286	5.347224E-14	8.494051E-15	1.308433E-14	6.542653E-16	1.636582E-14	6.755954E-15
5917.395	1.755953E-14	2.782738E-14	5.078374E-15	7.475201E-15	9.508957E-16	1.308283E-15
5925.405	6.181747E-14	3.130950E-15	4.389881E-15	1.246032E-15	7.808287E-15	4.017238E-15
5933.513	3.021826E-14	4.188497E-15	2.471628E-14	4.445937E-15	9.000499E-16	4.948293E-15
5941.623	5.876590E-14	1.706945E-14	1.255258E-14	2.995539E-15	1.441719E-15	1.141119E-15
5949.730	2.533731E-14	2.470437E-14	8.550599E-15	4.017858E-15	3.184029E-15	1.331225E-15
5957.836	4.713890E-14	3.206357E-15	2.277282E-14	1.204366E-15	7.326889E-15	2.685020E-15
5965.845	4.913890E-14	4.577779E-14	3.849109E-14	1.737104E-15	3.779267E-15	1.106387E-14
5973.947	1.040834E-13	1.631945E-14	1.256548E-14	1.459177E-14	1.123266E-15	4.712799E-15
5982.056	3.833334E-14	5.086311E-14	6.847027E-14	3.677234E-14	3.953126E-15	2.437748E-15
5990.164	1.246548E-13	5.505952E-15	8.213299E-15	1.295636E-14	1.059722E-14	3.969247E-15
5998.272	1.015992E-13	2.273807E-15	4.306549E-14	7.267360E-15	5.451390E-15	6.165428E-15
6006.280	1.036112E-14	5.270439E-14	9.554566E-15	2.632590E-14	1.102058E-14	1.029105E-14
6014.391	4.084922E-14	1.722421E-14	3.075596E-14	6.764385E-15	2.580603E-15	7.608507E-15
6022.495	3.249998E-15	1.035734E-13	2.087996E-14	1.175744E-14	3.406251E-15	3.751860E-15
6030.605	1.055516E-13	9.186709E-14	2.126588E-14	7.953374E-15	6.838793E-15	5.101937E-15
6038.618	2.777381E-14	4.377382E-14	2.327084E-14	1.818006E-14	1.172843E-14	4.107517E-15
6046.727	1.007937E-14	1.763294E-14	2.158532E-14	2.447024E-14	1.492310E-15	4.119421E-15
6054.834	5.027382E-14	5.332938E-14	8.348216E-15	1.390477E-14	3.591766E-15	1.674103E-16
6062.942	4.880161E-14	2.177778E-14	9.236117E-15	9.861107E-16	7.808785E-15	8.956724E-15
6071.052	1.282659E-13	1.743255E-14	4.964286E-15	2.586608E-14	6.847473E-15	5.969622E-15
6079.057	4.425001E-14	1.673215E-14	5.445438E-15	4.021330E-15	3.767363E-15	4.151536E-15
6087.167	7.194844E-14	1.498215E-14	1.110516E-14	1.310169E-14	1.109450E-14	9.463794E-15
6095.278	2.853969E-14	2.304961E-14	2.835517E-14	1.224802E-14	1.275025E-14	3.895109E-16
6103.386	2.605954E-14	1.647024E-14	6.964286E-15	1.130705E-14	6.834823E-15	6.037826E-15
6111.391	4.380557E-14	2.273810E-14	2.202381E-14	2.388741E-14	1.001959E-14	3.456351E-15
6119.499	1.401310E-13	4.396628E-14	3.435516E-15	7.286716E-16	6.501985E-15	1.144346E-15
6127.610	7.565875E-14	7.166671E-15	3.677679E-14	1.249207E-14	1.560938E-14	6.112603E-15
6135.716	3.384928E-15	5.189882E-14	2.825392E-15	1.350497E-14	3.330855E-15	9.032744E-15
6143.819	2.807540E-14	1.844445E-14	2.265477E-14	2.024801E-15	1.277555E-14	2.113095E-15
6151.828	6.260716E-14	1.552381E-14	2.582937E-14	5.946926E-15	4.708089E-15	4.767859E-15
6159.942	1.501191E-14	2.211112E-14	2.208335E-15	1.488790E-14	4.059032E-15	2.994795E-16
6168.050	5.346827E-14	1.135119E-14	2.024803E-14	1.679167E-14	1.352059E-14	8.134974E-17
6176.166	9.136510E-14	3.809517E-16	9.413692E-15	4.608127E-16	2.896578E-15	1.252741E-14
6184.178	1.016666E-14	3.168652E-15	3.549608E-15	2.592263E-15	9.747276E-15	3.126737E-15
6192.288	7.042462E-14	4.239089E-14	1.384028E-14	1.465774E-14	1.125994E-15	5.747754E-16
6200.397	2.023413E-14	1.967064E-14	1.882838E-14	1.823414E-15	9.553576E-16	5.635420E-15
6208.501	3.214311E-16	5.879764E-14	5.327414E-16	2.011458E-14	7.142115E-15	1.052332E-15
6216.510	1.963532E-13	1.158830E-13	5.406762E-16	1.131450E-15	9.653026E-15	5.653401E-15
6224.619	4.442858E-14	4.863098E-15	1.203375E-15	7.537701E-15	2.131201E-15	1.854167E-15
6232.732	3.156747E-14	1.320040E-14	1.742070E-15	2.001389E-14	4.974454E-15	2.844371E-15
6240.842	1.580556E-14	8.275796E-15	3.790179E-14	6.180062E-15	7.010915E-15	4.382318E-15
6248.950	2.912696E-15	1.255358E-14	2.609326E-14	1.389931E-14	2.842510E-15	1.106722E-14
6256.954	4.888096E-14	1.534921E-14	1.859128E-15	1.681055E-15	4.807792E-15	4.787449E-15
6265.065	1.348810E-14	1.369644E-14	9.036712E-15	1.091816E-14	3.232142E-15	3.905137E-15
6273.178	7.563497E-15	3.876390E-14	1.405953E-14	9.607146E-15	1.291221E-14	2.612724E-15
6281.283	3.479763E-14	3.331352E-15	3.659327E-14	2.406350E-14	7.082836E-15	6.386656E-15
6289.290	6.592065E-14	2.015477E-14	2.480259E-14	8.694945E-15	4.166673E-16	4.753847E-15
6297.397	7.553971E-14	8.265879E-15	2.120834E-14	2.056797E-14	6.122767E-15	4.607145E-15
6305.503	9.370637E-14	4.442858E-14	2.293653E-15	3.278273E-15	4.567958E-15	4.053814E-16
6313.608	9.924606E-15	4.391866E-14	5.386908E-15	1.018304E-14	5.580111E-15	7.126491E-15
6321.714	8.198416E-14	9.883336E-14	1.055557E-15	1.532590E-14	1.051191E-14	4.356030E-15
6329.727	4.496430E-14	3.121826E-14	2.259921E-14	6.873017E-15	1.054564E-14	1.038692E-15
6337.833	3.827779E-14	1.622619E-14	1.818255E-14	1.480161E-15	1.228918E-15	2.245907E-15
6345.939	3.316668E-14	2.375199E-14	3.164783E-14	2.964286E-15	2.748514E-15	1.644842E-15
6354.046	6.613891E-14	2.437104E-14	1.239782E-14	1.076885E-14	1.179316E-14	4.498996E-16
6362.155	3.541668E-14	6.646820E-15	1.144743E-14	2.552183E-14	7.480160E-16	8.876467E-16
6370.164	4.534525E-14	2.797691E-16	3.970835E-14	5.328374E-15	1.395336E-15	6.722474E-15
6378.272	2.075391E-15	3.626191E-14	2.496330E-14	1.414435E-14	1.041692E-14	4.063245E-15
6386.378	1.269842E-14	3.757342E-14	1.599207E-14	1.300100E-15	7.706849E-15	6.037825E-15
6394.487	3.890875E-14	2.997025E-14	2.555854E-14	8.034227E-15	1.114931E-14	4.231167E-16
6402.497	8.290479E-14	3.186509E-14	1.934522E-15	2.625497E-15	7.814486E-15	4.362103E-15
6410.603	3.972224E-14	2.662699E-15	9.326388E-15	1.534921E-14	5.230162E-15	8.893118E-15
6418.717	4.852779E-14	5.755952E-15	4.580361E-15	6.164682E-15	8.182056E-16	1.055283E-14
6426.823	4.015081E-14	2.470040E-14	1.181250E-14	4.273311E-15	4.188491E-15	1.991940E-15
6434.928	1.976193E-15	1.624008E-14	1.610021E-14	5.756451E-15	2.914684E-15	6.287203E-16
6442.934	9.440478E-15	3.601588E-14	5.787701E-15	1.299703E-14	5.820931E-16	3.978919E-15
6451.038	9.349211E-15	5.296827E-14	1.465972E-14	2.434773E-14	8.946674E-15	3.066470E-15
6459.147	9.221034E-14	4.149802E-14	5.069447E-15	2.410814E-14	7.061027E-16	4.937379E-15
6467.260	3.734129E-15	1.754365E-14	2.256945E-15	9.097221E-16	9.988591E-15	1.174418E-14
6475.267	2.149603E-14	1.324802E-14	3.433831E-14	7.209825E-15	8.884425E-15	5.152533E-15
6483.378	1.704762E-14	3.690494E-16	6.224209E-15	2.340279E-15	7.438005E-16	3.108881E-15
6491.486	1.875794E-14	3.323612E-14	1.012699E-14	6.324413E-16	9.483638E-15	4.066231E-16
6499.593	2.473810E-14	3.661708E-14	2.553473E-14	3.878971E-16	1.587253E-14	2.156870E-15
6507.701	7.952380E-15	2.466469E-14	7.211312E-15	2.425597E-15	1.307046E-15	2.355036E-15
6515.709	7.866669E-14	1.309326E-14	5.555558E-15	1.230159E-15	8.501742E-15	4.410717E-15
6523.821	8.608733E-14	4.407739E-14	1.498037E-16	1.146975E-14	4.900297E-15	5.225077E-15
6531.928	4.536509E-14	4.632343E-14	1.641865E-15	1.657342E-14	1.076117E-14	2.141865E-15
6540.044	1.656746E-14	1.468850E-14	1.275298E-14	1.713096E-14	3.630456E-15	4.543644E-16
6548.055	4.070636E-14	2.114286E-14	1.689286E-14	6.111113E-15	3.244545E-15	9.107889E-15
6556.162	4.192065E-14	9.662696E-16	1.139088E-14	1.049802E-14	6.990577E-15	3.267113E-15
6564.273	1.404365E-14	2.339287E-15	3.834327E-15	2.980657E-14	7.289685E-15	9.842638E-15
6572.380	2.326191E-14	1.587302E-14	2.778774E-15	4.639883E-15	3.134177E-15	6.341521E-15
6580.483	1.761111E-14	2.097818E-14	2.346826E-14	1.526885E-14	1.033309E-14	6.343378E-15
6588.487	1.170556E-13	6.985120E-14	2.844250E-15	1.151289E-15	2.877728E-15	1.578125E-15
6596.595	1.010318E-14	6.936508E-15	1.995635E-14	2.484623E-15	9.009426E-15	7.314489E-15
6604.708	3.129366E-14	5.601192E-14	3.984129E-15	4.330345E-16	7.587057E-15	3.314855E-15
6612.819	7.289288E-14	2.444049E-14	1.617061E-15	8.737603E-15	1.423611E-15	2.172248E-15
6620.825	2.513493E-14	9.551594E-15	2.921629E-15	9.001486E-15	1.202383E-15	5.735243E-15
6628.932	2.686513E-15	3.275794E-14	2.356053E-14	2.331380E-17	5.841273E-15	4.335320E-15
6637.040	8.817066E-14	2.564286E-14	1.825001E-14	1.660219E-14	3.399058E-15	7.297863E-16
6645.144	1.928175E-14	5.476192E-14	4.450400E-15	4.439984E-15	1.204616E-15	2.864833E-15
6653.253	1.571429E-14	1.036310E-14	1.628175E-14	1.643602E-14	5.549357E-15	4.712799E-15
6661.261	2.317462E-15	3.800001E-14	1.642461E-14	2.285814E-14	4.768109E-15	3.725571E-15
6669.375	2.924206E-14	8.934522E-15	1.057341E-14	2.572916E-15	5.937491E-16	1.029080E-14
6677.486	3.273810E-14	3.875002E-14	1.622620E-14	6.771332E-15	1.521578E-15	1.124257E-15
6685.595	3.915874E-14	3.715875E-14	3.837005E-14	1.430506E-14	1.899778E-14	4.156498E-15
6693.606	3.311906E-14	2.807342E-14	3.263195E-14	9.262404E-15	9.582591E-15	7.538442E-16
6701.711	1.114286E-14	5.031350E-14	9.471233E-15	1.310169E-14	3.194438E-16	6.441221E-15
6709.825	1.160080E-13	8.376993E-15	2.725397E-14	1.882490E-14	2.584822E-15	2.636388E-16
6717.934	7.857143E-15	1.531747E-14	6.585319E-15	2.068457E-16	7.281763E-16	6.316963E-15
6725.947	4.573018E-14	2.960913E-14	1.697421E-14	8.694941E-15	9.073165E-15	2.794644E-15
6734.051	3.570239E-14	4.450795E-14	5.776789E-15	2.007937E-14	5.465775E-15	1.422620E-15
6742.163	4.898415E-14	2.363890E-14	5.158736E-17	6.213297E-15	8.026788E-15	2.123636E-15
6750.271	7.797621E-14	9.603178E-15	2.222236E-16	3.457359E-16	4.387153E-15	3.885665E-15
6758.375	1.370278E-13	2.555358E-14	9.750002E-15	5.698911E-15	1.285690E-14	7.872894E-15
6766.385	3.006748E-14	1.871230E-14	4.212303E-15	8.917166E-15	5.314982E-15	5.295330E-17
6774.495	3.232144E-14	6.437700E-14	1.408036E-14	4.598215E-15	1.218003E-15	6.983511E-15
6782.604	6.260319E-14	1.630358E-14	2.281052E-14	4.214286E-15	7.036224E-16	3.114212E-15
6790.717	6.584923E-14	2.486707E-14	2.335021E-14	2.315576E-14	5.195684E-15	1.150300E-15
6798.728	1.818651E-14	2.698413E-14	1.333332E-15	5.089287E-15	1.865527E-14	5.813498E-16
6806.834	2.563494E-15	9.513894E-15	1.686607E-14	1.455555E-14	6.393107E-15	1.382404E-14
6814.938	4.192461E-14	1.289088E-14	2.194445E-14	1.445238E-14	3.016618E-15	3.897074E-15
6823.051	6.495240E-14	9.801549E-16	1.558235E-14	9.615083E-15	6.566717E-15	1.760343E-14
6831.158	3.400795E-14	2.234121E-15	7.828376E-15	2.202779E-14	1.072892E-14	7.980655E-15
6839.166	6.769847E-15	3.462302E-14	5.271826E-15	1.041072E-14	4.251735E-15	3.324034E-15
6847.274	1.319445E-14	3.819444E-15	1.001984E-14	9.323415E-15	5.091518E-15	9.858637E-16
6855.380	3.706747E-14	5.131152E-14	2.408235E-14	1.706597E-14	6.479913E-15	1.413443E-15
6863.491	5.559526E-15	2.705556E-14	1.975596E-14	1.169296E-14	8.375992E-15	5.083832E-15
6871.596	4.883732E-14	8.761904E-15	1.658036E-14	7.188991E-15	2.456103E-15	6.037451E-15
6879.605	8.437305E-14	1.933532E-14	1.331448E-14	1.376142E-14	1.344916E-14	2.059401E-15
6887.719	2.029763E-14	2.346429E-14	1.752979E-15	1.277728E-14	2.614095E-16	7.005832E-15
6895.836	2.891667E-14	2.440675E-14	8.494050E-15	3.187499E-15	8.262650E-15	4.389878E-17
6903.944	3.644049E-14	3.132940E-15	1.285714E-15	2.108434E-14	5.285219E-15	4.323414E-15
6911.948	2.425794E-14	7.267858E-15	4.471235E-15	1.081994E-14	2.888640E-15	1.087054E-15
6920.053	5.940081E-14	1.851984E-14	4.219843E-14	1.651538E-14	1.083260E-14	2.986856E-15
6928.158	2.233334E-14	7.805557E-15	2.024504E-14	1.324406E-15	1.440303E-14	1.153027E-15
6936.265	4.031350E-14	2.442461E-15	1.229068E-14	1.462748E-14	1.113343E-14	1.001488E-14
6944.369	2.750398E-14	5.803176E-14	2.391370E-14	3.007193E-14	6.710567E-15	6.283980E-15
6952.375	4.042462E-14	2.300001E-14	1.870735E-14	1.130308E-14	1.208086E-14	4.919519E-15
6960.485	6.396034E-14	6.708336E-15	3.084425E-14	1.139633E-14	5.362847E-15	3.559040E-16
6968.598	1.051985E-14	1.166072E-14	9.017839E-16	1.777778E-15	3.468253E-15	3.240080E-15
6976.705	3.170636E-14	1.922223E-14	2.353177E-15	4.762402E-15	8.772326E-15	2.837058E-15
6984.717	1.149207E-14	1.809326E-14	1.479168E-15	5.738095E-15	1.506699E-15	3.918034E-15
6992.828	4.014287E-14	5.798415E-14	7.095240E-15	5.608632E-15	1.502878E-14	1.279428E-14
7000.938	1.065516E-13	5.809526E-14	4.014188E-14	5.332843E-15	2.659228E-15	3.665301E-15
7009.056	3.339287E-14	5.454367E-14	3.309525E-15	1.768949E-14	4.232890E-15	4.872892E-15
7017.076	5.172223E-14	5.304168E-14	5.905759E-15	1.046082E-14	8.259926E-15	5.985616E-15
7025.184	9.967861E-14	4.408335E-14	3.105656E-14	1.279316E-14	1.143371E-16	2.242932E-15
7033.289	5.081351E-14	6.942465E-15	1.754068E-14	4.763892E-15	1.296529E-14	3.791046E-15
7041.395	5.522225E-14	1.885516E-14	3.524802E-15	1.468354E-14	5.173365E-15	3.020586E-15
7049.498	2.677382E-14	3.090081E-14	2.627778E-14	1.188442E-14	2.129713E-15	1.851564E-15
7057.503	2.577382E-14	2.940477E-14	1.614584E-14	1.318850E-14	4.074159E-15	8.061749E-16
7065.612	5.557541E-14	2.214882E-14	2.260715E-14	9.727185E-15	5.432045E-15	1.345288E-14
7073.719	3.900001E-14	1.018453E-14	6.845240E-15	1.860020E-14	2.810766E-15	2.594247E-16
7081.827	7.732939E-14	9.515874E-15	3.673611E-15	1.763443E-14	3.124255E-15	2.971231E-16
7089.835	1.095241E-15	6.691073E-14	4.511410E-14	1.934453E-17	1.317833E-14	2.226935E-15
7097.939	4.008731E-14	1.696628E-14	1.033036E-14	1.299107E-15	5.546626E-15	7.263018E-15
7106.052	3.907938E-14	1.186503E-15	2.362699E-14	2.119049E-15	5.626737E-15	2.978299E-15
7114.157	2.128969E-14	2.067858E-14	3.924605E-14	1.123066E-14	3.120289E-15	8.926087E-16
7122.259	6.305954E-14	3.230754E-14	1.790673E-15	7.843256E-15	1.233385E-15	2.179195E-15
7130.268	4.465874E-14	1.125794E-14	4.363096E-15	3.791670E-15	9.992060E-15	6.159466E-16
7138.373	2.252382E-14	3.768851E-14	7.886908E-15	1.035219E-14	2.338806E-16	9.123635E-15
7146.479	7.221827E-14	6.962308E-15	1.722520E-14	1.622818E-14	2.590030E-15	7.814981E-16
7154.588	8.650770E-16	5.436510E-15	2.813691E-14	1.323661E-14	1.261806E-14	5.131821E-15
7162.701	2.150794E-14	7.293653E-14	2.237699E-14	1.139880E-15	3.550100E-15	1.117435E-15
7170.708	2.180953E-14	7.856155E-14	1.108631E-14	2.279764E-15	3.316016E-16	3.328621E-15
7178.818	9.019447E-14	4.372224E-14	1.081548E-14	3.718254E-15	1.402580E-14	2.578003E-15
7186.920	1.351191E-14	2.302183E-14	8.568455E-15	2.406945E-14	2.810009E-16	6.977947E-16
7195.032	4.022621E-14	2.096231E-14	1.938294E-14	3.687505E-15	6.848712E-15	7.054812E-15
7203.040	5.778575E-14	5.168057E-14	1.762898E-14	1.104514E-14	1.036285E-14	1.903027E-15
7211.150	2.968255E-14	1.636908E-15	1.974008E-14	8.239584E-15	5.448166E-15	1.891620E-15
7219.261	1.559523E-15	4.218057E-14	8.567463E-15	7.444446E-15	1.105978E-14	3.193329E-15
7227.370	1.790477E-14	1.197818E-14	2.624902E-14	1.295288E-14	9.191966E-15	7.698410E-16
7235.476	1.582143E-14	1.140870E-15	1.180854E-14	1.317659E-14	7.245536E-15	4.375993E-15
7243.484	1.913890E-14	3.285914E-14	1.426488E-14	8.644844E-15	4.586805E-15	1.218018E-14
7251.587	1.534881E-13	5.095242E-15	4.004959E-15	1.686679E-17	9.598959E-15	5.437502E-15
7259.694	1.819445E-14	6.702978E-14	1.951985E-14	7.668654E-15	1.763644E-15	2.682415E-15
7267.801	4.584922E-14	2.004564E-14	1.558235E-14	6.285716E-15	1.065873E-14	1.916793E-15
7275.908	1.505794E-13	9.803571E-15	7.117064E-15	5.051095E-15	1.545040E-14	6.128598E-15
7283.916	4.732145E-14	6.071431E-15	9.138888E-15	3.403275E-15	5.641618E-15	1.854167E-15
7292.024	4.873812E-14	2.371231E-14	1.327084E-14	6.572920E-15	2.996281E-15	8.390876E-15
7300.134	1.620636E-14	5.534922E-14	8.550599E-15	2.325547E-14	7.333583E-15	1.591519E-15
7308.239	4.513890E-14	1.614484E-14	3.613097E-15	6.958336E-15	6.742064E-15	2.625495E-15
7316.345	8.470636E-14	1.090873E-13	5.522919E-14	7.529759E-16	1.923861E-15	3.707464E-15
7324.354	6.542462E-14	8.117069E-15	3.676390E-14	1.053572E-15	5.740577E-15	6.616695E-15
7332.464	3.478573E-14	1.874802E-14	6.508930E-15	1.810219E-14	5.830862E-16	2.793775E-15
7340.576	6.553970E-14	5.023814E-15	3.263097E-14	5.073912E-15	1.335813E-15	2.449778E-15
7348.683	2.523017E-14	2.566071E-14	5.387895E-15	1.566519E-14	4.126986E-15	1.443327E-15
7356.691	1.057024E-13	3.577581E-14	5.250000E-15	3.145835E-15	8.516371E-15	1.143478E-15
7364.796	3.825400E-15	1.196429E-14	7.627975E-15	1.156647E-14	6.084078E-15	3.609376E-15
7372.906	2.969049E-14	1.898016E-14	1.780159E-14	2.945933E-14	8.599210E-15	4.492063E-15
7381.016	7.634129E-14	7.484132E-15	2.132838E-14	2.837154E-14	1.750988E-16	7.935271E-16
7389.025	2.761906E-14	1.119841E-14	1.500199E-14	2.144841E-15	5.143851E-15	6.291670E-15
7397.138	1.070159E-13	1.897818E-14	2.158532E-14	8.225202E-15	1.076365E-14	6.960690E-15
7405.248	4.723811E-14	5.043648E-15	3.427779E-14	9.961309E-15	2.545835E-14	2.686756E-15
7413.354	9.479369E-14	2.975199E-14	1.823415E-15	1.572421E-15	4.952879E-15	6.437253E-15
7421.460	2.846827E-14	2.177382E-14	2.674405E-14	4.388891E-15	1.343279E-14	9.114642E-17
7429.478	2.453969E-14	1.081151E-14	2.167064E-14	1.453919E-14	5.262154E-15	9.710052E-17
7437.585	3.497223E-14	9.761902E-16	1.131845E-14	3.213296E-15	1.093899E-14	1.707218E-15
7445.697	4.325402E-16	3.281548E-14	1.268354E-14	7.460347E-16	2.543106E-14	8.193951E-15
7453.809	6.668653E-14	3.236311E-14	3.770834E-14	7.167164E-15	3.329366E-15	3.132450E-16
7461.816	3.019842E-14	3.501588E-14	5.350198E-15	5.610617E-15	1.025397E-14	3.212552E-15
7469.929	1.952382E-15	4.774208E-14	1.311409E-14	1.110814E-14	4.406997E-15	2.620537E-15
7478.037	8.460312E-15	2.583330E-15	4.231151E-15	1.157342E-14	1.192858E-14	4.401910E-15
7486.143	7.921828E-14	5.255958E-15	2.506151E-14	3.921631E-15	9.090529E-15	1.004960E-15
7494.153	4.785716E-14	6.000598E-14	1.475397E-14	1.667064E-14	8.471480E-15	5.028152E-15
7502.258	1.092342E-13	2.268453E-14	3.256747E-14	1.878374E-14	2.320687E-15	7.180184E-15
7510.367	2.765477E-14	9.721951E-17	1.134822E-14	1.614981E-14	7.947420E-15	6.904771E-16
7518.471	7.174606E-15	4.635716E-14	1.648611E-14	1.805358E-14	6.885915E-15	1.620906E-15
7526.576	1.798413E-14	1.829366E-15	7.648808E-15	4.075896E-15	7.395830E-16	5.490082E-15
7534.581	8.341271E-15	1.037302E-14	2.220041E-14	4.487603E-15	1.156176E-14	9.574032E-15
7542.695	1.971825E-14	1.092461E-14	1.909822E-14	6.296632E-15	7.634676E-15	4.332468E-15
7550.808	2.584524E-14	6.182540E-15	8.221231E-15	7.089784E-15	1.933780E-15	3.167037E-15
7558.924	3.115082E-15	3.391469E-14	2.866866E-14	2.668205E-14	1.189386E-14	1.601564E-15
7566.934	4.701986E-14	3.791668E-14	3.782739E-15	6.774801E-15	3.013145E-15	6.294521E-15
7575.050	9.250399E-14	3.709723E-14	2.840378E-14	1.047372E-14	7.120536E-15	4.230656E-15
7583.156	3.515477E-14	1.047024E-14	2.906735E-16	1.292113E-14	3.696677E-15	2.979898E-16
7591.268	6.992067E-14	6.538495E-14	7.648764E-16	2.191766E-14	4.488841E-15	7.399182E-15
7599.277	1.745635E-14	1.213889E-14	1.611706E-14	1.118006E-14	7.740581E-15	9.651170E-15
7607.389	3.980556E-14	3.349405E-14	1.499108E-14	4.785716E-15	7.721977E-15	2.571057E-15
7615.496	5.922622E-14	2.532144E-14	1.774505E-14	6.695935E-15	2.777780E-15	1.303449E-15
7623.604	5.345240E-14	1.427381E-14	5.841073E-14	4.158583E-14	5.052829E-15	2.136285E-15
7631.711	7.831749E-14	4.930359E-14	3.881450E-14	5.662206E-15	5.674852E-15	2.425720E-15
7639.717	4.950398E-14	3.861509E-14	3.200398E-15	7.535707E-15	3.440723E-15	1.090216E-14
7647.825	9.072621E-14	7.500004E-15	2.294346E-14	2.019296E-14	1.417709E-14	5.025301E-15
7655.936	8.200795E-14	5.985914E-14	3.104164E-15	1.260764E-14	4.880951E-15	2.611234E-15
7664.044	2.162700E-15	5.242263E-14	1.547620E-14	3.769854E-16	1.484127E-15	1.501738E-15
7672.052	5.544050E-14	7.235916E-14	8.363057E-16	9.286214E-15	3.985368E-15	4.780758E-15
7680.163	1.549206E-14	1.467262E-14	2.057739E-14	6.486610E-15	8.293900E-15	6.403772E-15
7688.271	6.591271E-15	2.285913E-14	1.190774E-14	1.826389E-15	1.261908E-15	2.406499E-15
7696.383	3.940875E-14	4.341272E-15	3.473213E-15	2.394347E-15	4.571180E-15	4.161583E-15
7704.491	4.325400E-15	2.228176E-15	1.998018E-15	1.416171E-15	1.450881E-16	1.933904E-15
7712.496	3.982938E-14	3.661311E-14	2.772024E-14	2.086658E-14	1.226463E-14	7.300363E-16
7720.604	6.401193E-14	2.230557E-14	1.686517E-16	1.208681E-14	1.207540E-14	4.921381E-15
7728.711	2.100794E-14	8.569452E-15	6.697425E-15	9.861609E-15	1.034225E-15	1.332592E-15
7736.822	3.299604E-14	2.748414E-14	4.174505E-14	1.454366E-14	7.735865E-15	4.679317E-15
7744.832	2.492858E-14	4.134525E-14	2.461211E-14	1.785562E-17	1.541172E-15	1.205108E-15
7752.944	7.322621E-14	2.272422E-14	1.169643E-14	1.276885E-14	5.737850E-15	5.424976E-15
7761.051	2.792461E-14	2.949604E-14	9.439488E-15	3.301587E-15	8.194695E-15	5.071429E-15
7769.159	3.234128E-14	1.685516E-14	6.475200E-15	3.980159E-15	8.896578E-15	2.009300E-15
7777.169	4.103182E-15	1.620834E-14	2.745140E-14	1.305060E-15	1.102555E-14	1.132689E-15
7785.276	3.896033E-14	1.199604E-14	3.948402E-16	8.878971E-15	6.280259E-15	8.174235E-15
7793.387	2.188889E-14	2.783731E-14	2.875695E-14	1.484326E-14	7.813244E-15	7.598835E-15
7801.493	1.733334E-14	2.742065E-14	8.949409E-15	1.375893E-14	1.375496E-15	5.332838E-15
7809.602	1.326588E-14	4.527581E-14	2.593354E-14	1.081345E-16	4.967758E-15	7.359753E-15
7817.613	8.553575E-14	1.183135E-14	2.331945E-14	1.097173E-14	2.882938E-15	3.161460E-15
7825.726	3.919446E-14	6.390875E-15	3.126588E-14	1.393155E-14	3.612354E-15	1.050633E-14
7833.832	2.553175E-14	6.302383E-14	1.280358E-14	2.234574E-14	6.793169E-16	9.162951E-15
7841.943	6.693653E-14	3.273017E-14	3.351291E-14	7.913197E-15	7.294161E-16	1.125123E-15
7849.955	1.028413E-13	3.575994E-14	1.000496E-14	6.855161E-15	8.181302E-15	1.927084E-15
7858.061	4.825398E-14	6.360320E-14	2.874902E-14	2.783732E-15	1.658607E-14	4.041544E-15
7866.165	3.725795E-14	1.964299E-16	3.318457E-15	8.463296E-15	6.277779E-15	7.034228E-15
7874.273	1.391270E-14	1.761903E-15	1.501886E-14	1.218056E-14	3.859376E-15	4.452257E-15
7882.381	1.601191E-14	2.476192E-15	1.205754E-14	5.570437E-15	7.440480E-15	2.140010E-15
7890.386	1.943255E-14	3.696428E-15	2.007838E-14	6.539688E-15	8.845488E-15	3.595861E-15
7898.495	2.516668E-14	1.226193E-15	3.189684E-14	1.295834E-14	7.962550E-15	5.763922E-16
7906.602	8.233335E-14	1.722024E-14	3.479564E-14	9.658239E-15	6.008683E-15	1.880335E-15
7914.713	7.884926E-15	3.738095E-15	3.133930E-14	2.022719E-14	5.402282E-15	3.166296E-15
7922.819	2.289690E-15	1.754564E-14	1.366469E-14	7.955360E-15	3.901291E-15	1.166382E-14
7930.831	2.665477E-14	5.178570E-15	3.533831E-14	4.124605E-14	6.131697E-15	8.687753E-15
7938.937	8.487700E-14	1.850000E-14	4.944843E-14	8.069445E-15	3.444448E-15	6.576017E-15
7947.048	6.123811E-14	2.099207E-14	1.452580E-14	5.594249E-15	1.213043E-15	3.481277E-15
7955.155	5.268256E-14	1.078373E-14	1.965279E-14	3.493056E-15	2.999506E-15	3.988594E-15
7963.164	5.015477E-14	1.029504E-13	5.500994E-15	1.806548E-14	1.192337E-14	2.194073E-15
7971.268	6.533733E-14	3.183136E-14	4.436509E-15	1.890031E-14	3.861614E-16	6.652158E-15
7979.378	3.265477E-14	4.324406E-14	2.660616E-14	4.513868E-16	5.558531E-15	3.932294E-16
7987.493	4.097620E-14	3.950199E-14	2.074405E-15	9.863096E-15	6.445438E-15	1.809029E-15
7995.501	2.175397E-14	8.055561E-16	4.269841E-15	8.685500E-16	2.401043E-15	4.867065E-15
8003.605	2.255953E-14	9.599213E-15	1.814286E-14	1.125844E-14	1.161558E-14	5.703124E-16
8011.709	2.519842E-14	3.694247E-14	1.545338E-14	5.390875E-15	1.597471E-15	4.859885E-16
8019.816	1.507580E-13	3.406747E-14	1.689482E-15	8.933535E-15	3.885417E-15	4.388515E-15
8027.929	1.738889E-14	4.176589E-14	5.489088E-15	1.718253E-15	2.955611E-15	6.792911E-15
8035.936	1.500794E-14	2.577580E-14	3.139881E-15	8.366569E-15	4.323661E-15	3.661333E-15
8044.046	2.398413E-14	4.645041E-14	1.461211E-14	9.435025E-15	8.063015E-16	3.621048E-16
8052.149	4.424605E-15	1.473016E-14	2.542164E-14	2.351687E-15	1.259276E-14	5.691475E-15
8060.255	7.860320E-14	3.062104E-14	2.493155E-14	1.327531E-14	2.176092E-15	4.232392E-15
8068.366	1.708731E-14	3.984127E-15	7.508933E-15	4.270340E-15	4.670153E-16	1.201649E-14
8076.378	3.367064E-14	2.604167E-14	2.579366E-15	5.625001E-15	4.736763E-17	1.206473E-15
8084.482	1.153968E-14	3.202779E-14	3.571422E-16	9.334325E-15	4.904265E-15	1.098462E-15
He 12430	BCA_LabS_20250808_10	2025-08-09T17:25:46
