 									
He 663	Lab W BCA-2-13	2025-10-15T16:03:58	time_sec	5 amu	5 amu	5 amu	5 amu	5 amu	5 amu
3.407	8.343423E-16	2.039505E-14	8.932910E-15	1.013303E-14	2.652416E-15	7.137637E-15
11.516	1.812580E-14	1.124146E-14	1.851374E-14	1.232319E-14	3.025250E-15	2.612863E-15
19.528	4.503840E-14	3.107626E-15	1.627271E-14	1.776707E-14	1.282500E-14	5.234794E-15
27.634	1.714232E-14	1.416771E-14	6.373453E-15	6.805740E-15	1.171481E-14	9.756169E-15
35.739	9.914574E-14	1.548371E-14	1.559456E-14	4.941568E-15	1.102759E-14	1.358578E-14
43.847	4.836739E-16	9.459917E-15	2.490836E-14	5.647937E-16	1.577165E-14	9.707929E-15
51.956	1.912943E-14	2.755549E-14	1.782548E-15	8.235107E-15	4.099667E-15	3.804799E-15
60.065	4.725525E-14	3.099967E-14	1.096435E-14	2.408305E-16	1.445061E-14	1.592242E-14
68.171	5.131008E-15	1.242849E-14	2.575580E-15	1.120317E-14	3.578201E-15	2.294063E-15
76.281	1.683599E-14	3.291221E-14	2.305225E-14	1.094824E-15	2.807342E-15	8.956470E-15
84.389	4.449830E-15	5.098764E-15	1.373542E-14	1.530687E-14	1.894381E-16	3.488647E-15
92.400	2.472799E-14	2.030436E-14	2.853493E-14	8.475939E-15	2.949930E-16	6.845420E-15
100.508	4.077398E-14	2.095732E-14	1.462720E-14	1.343363E-14	1.356311E-15	6.955001E-15
108.618	6.224520E-14	1.166266E-14	4.382315E-15	1.137850E-14	1.030560E-14	8.882525E-15
116.727	4.014923E-14	2.708592E-15	6.229359E-15	2.295955E-15	4.792434E-15	7.947927E-16
124.840	3.004441E-14	2.357916E-16	4.599971E-15	1.287791E-14	5.566822E-15	3.882390E-15
132.951	4.488120E-14	4.893201E-14	9.807561E-15	1.352784E-14	6.193837E-15	8.176029E-15
141.061	5.051201E-14	3.486909E-14	9.764213E-16	2.256404E-14	2.315605E-15	6.911041E-15
149.165	1.325275E-14	8.353506E-15	3.755550E-15	1.136540E-14	7.018330E-16	6.963313E-15
157.169	1.362357E-15	1.386544E-15	2.026405E-15	3.298072E-15	1.104648E-15	1.127043E-14
165.278	4.155592E-14	3.379693E-14	1.281743E-15	7.189153E-15	6.325840E-15	6.006538E-15
173.387	5.493766E-14	2.730357E-14	1.393292E-14	1.944835E-14	9.577311E-15	7.146076E-15
181.490	4.938746E-14	1.791218E-14	7.557456E-15	7.010293E-15	7.478101E-15	6.942280E-15
189.601	1.823463E-14	2.165866E-14	5.148138E-15	9.630210E-15	8.556044E-15	9.363809E-15
197.708	1.505848E-14	1.958287E-14	6.887361E-15	7.648164E-16	1.319078E-14	4.000412E-15
205.820	6.663055E-14	2.175740E-14	1.238616E-14	9.307256E-15	2.537039E-15	6.070022E-15
213.925	3.002828E-14	7.134227E-16	4.447813E-15	5.768862E-16	9.717375E-15	2.079812E-15
222.034	2.705367E-14	6.642499E-15	1.494562E-14	1.051746E-14	3.532607E-15	7.092037E-15
230.040	5.501825E-15	3.178766E-14	1.234485E-14	3.750012E-15	4.849367E-15	8.095671E-15
238.147	3.127778E-14	1.973001E-15	2.883926E-15	1.489323E-15	4.796967E-15	2.502904E-15
246.254	2.361956E-14	4.504444E-14	7.256168E-15	4.292630E-16	1.240707E-14	3.833644E-15
254.364	1.527210E-14	1.848049E-14	2.667278E-15	4.825686E-15	8.378698E-15	9.301588E-15
262.474	3.616695E-14	2.827093E-14	9.465963E-15	4.850374E-15	3.255500E-15	1.692367E-15
270.581	5.155192E-15	6.588085E-15	9.925448E-16	9.781868E-15	1.463728E-14	4.474012E-15
278.688	7.847663E-15	5.278125E-15	1.792326E-14	1.362307E-14	1.624903E-14	4.019307E-15
286.796	1.215561E-13	1.646921E-14	5.501843E-16	6.447519E-15	1.029980E-14	2.790591E-15
294.899	3.301097E-15	2.679571E-14	2.636444E-14	8.336374E-15	4.746837E-15	8.200089E-15
303.004	2.228945E-15	1.950025E-14	1.609234E-14	1.241186E-14	1.114649E-14	9.419358E-15
311.011	2.487713E-14	1.329507E-14	8.665882E-15	2.401255E-15	5.519209E-15	1.314191E-14
319.122	3.937534E-14	1.513506E-14	2.210807E-15	1.455566E-15	2.403523E-15	1.017485E-15
327.229	4.260389E-14	2.563488E-14	7.066723E-15	9.348067E-15	6.511755E-15	1.681042E-14
335.340	8.432104E-15	2.396217E-15	8.791841E-15	6.957895E-16	9.445053E-15	5.613678E-15
343.446	2.956476E-14	1.720076E-14	7.198728E-15	1.141780E-14	1.386038E-15	6.334407E-15
351.559	4.744068E-15	1.246476E-14	5.531050E-15	7.726741E-15	9.338496E-15	1.240808E-15
359.663	4.443380E-14	4.738019E-15	3.922823E-15	3.716756E-15	3.957334E-15	3.601123E-15
367.772	6.086271E-15	4.585863E-14	1.813890E-14	1.398482E-14	1.960378E-14	1.375332E-15
375.877	1.694079E-14	1.886341E-14	1.015621E-14	4.884634E-15	9.739039E-15	8.865147E-15
383.981	2.311573E-14	1.170902E-14	1.382914E-14	2.295400E-14	4.197158E-15	5.032005E-15
391.990	4.232578E-14	8.401873E-15	5.385947E-15	1.345932E-14	4.227893E-15	6.532287E-15
400.101	6.134637E-15	1.930679E-15	6.597156E-15	5.908417E-15	3.837675E-15	8.763501E-15
408.205	2.726730E-14	3.849293E-16	1.166870E-15	1.157701E-14	6.292589E-15	6.429252E-15
416.313	2.120121E-15	5.334552E-15	3.204764E-14	1.031190E-14	1.111576E-14	3.372262E-15
424.421	5.958902E-14	1.912540E-15	8.282972E-15	7.028938E-15	1.289100E-14	1.070677E-14
432.532	1.080212E-14	5.743665E-15	6.044955E-15	3.977236E-15	1.258467E-14	7.538686E-15
440.639	4.195900E-15	1.228943E-14	1.616187E-14	4.556137E-15	1.062654E-14	7.428098E-15
448.748	5.559062E-14	2.982673E-15	2.328603E-14	8.600381E-15	2.836560E-16	2.287260E-15
456.850	2.421610E-14	3.624152E-14	5.161236E-15	3.936928E-15	6.075942E-15	8.959366E-16
464.858	4.382920E-14	2.097143E-14	2.001919E-14	3.316715E-15	9.309778E-15	1.283394E-14
473.061	1.413143E-14	1.253328E-14	1.079608E-14	7.477849E-15	9.763728E-15	7.155776E-15
481.073	1.542526E-14	7.237018E-15	2.840598E-15	8.823074E-15	7.600280E-15	1.155875E-14
489.176	2.135434E-14	2.395612E-14	1.035874E-15	1.618706E-14	9.355874E-15	7.703943E-15
497.285	1.484888E-14	1.721088E-15	2.183298E-14	3.521773E-15	1.001791E-14	9.731608E-15
505.399	4.110852E-14	3.123752E-16	2.261492E-14	4.075991E-16	1.092102E-14	3.103972E-15
513.508	6.973006E-16	3.049180E-15	9.588901E-15	2.053613E-15	1.326283E-14	4.855915E-15
521.614	9.879104E-15	2.412339E-15	8.722312E-15	1.037892E-16	1.138782E-14	6.254172E-15
529.724	2.811373E-14	2.111452E-14	7.944397E-15	9.585372E-15	1.108426E-15	2.748266E-15
537.838	5.195498E-14	2.279731E-14	9.031662E-15	1.063081E-14	2.035575E-14	5.594027E-15
545.943	1.815804E-14	8.663863E-15	1.896014E-14	1.448160E-14	7.159932E-15	5.027975E-15
553.947	1.150749E-14	1.692064E-14	1.111752E-14	2.644606E-15	1.221537E-14	4.037193E-15
562.151	3.827095E-14	2.276305E-14	9.402479E-15	7.870838E-15	4.752129E-15	1.131917E-14
570.163	4.106015E-14	1.032248E-14	2.823466E-15	1.169893E-15	3.728352E-16	6.736336E-15
578.266	2.153572E-14	1.806735E-14	9.034684E-15	2.828500E-15	3.242653E-15	2.086865E-15
586.473	4.844832E-15	1.367799E-14	2.670307E-16	1.401807E-14	5.615177E-16	3.126141E-15
594.484	7.339796E-15	4.042936E-14	2.984691E-15	5.219177E-15	2.936575E-15	8.148826E-15
602.690	1.384929E-14	5.185422E-15	8.322269E-15	7.181598E-15	1.239423E-15	1.076635E-14
610.795	3.106013E-14	1.719673E-14	1.019752E-15	6.978048E-15	6.027069E-15	1.193826E-14
618.699	1.428460E-14	2.126970E-14	1.121425E-14	2.999806E-15	1.424126E-14	1.613277E-14
626.904	2.055628E-14	3.909118E-14	2.693477E-15	1.663295E-14	4.308757E-15	9.018576E-17
634.918	1.494159E-14	1.551799E-15	1.695086E-14	2.799787E-15	1.124800E-15	1.812655E-15
643.026	2.778725E-14	1.088281E-16	2.987008E-14	1.590895E-14	1.626868E-15	5.649702E-15
651.233	2.291017E-14	1.848654E-14	1.588174E-14	1.228036E-14	5.150658E-15	6.068382E-15
659.243	1.653370E-14	5.592919E-14	2.360950E-15	2.445592E-15	7.739840E-15	5.790144E-15
667.350	2.693275E-14	7.779141E-15	1.130192E-14	2.545100E-14	4.019307E-15	7.637562E-15
675.455	2.779128E-14	1.206572E-14	6.697919E-15	1.919605E-16	8.003346E-15	2.760108E-15
683.661	1.039100E-14	2.920201E-15	4.192875E-15	5.899853E-15	8.923844E-15	4.567600E-15
691.764	1.866187E-15	2.229147E-14	1.036984E-14	1.747082E-14	2.669292E-15	6.693766E-15
699.766	1.927856E-14	2.934308E-14	1.894403E-15	7.241551E-15	5.374358E-15	1.589586E-15
707.871	9.564714E-15	7.781156E-15	2.192065E-14	1.628934E-14	9.300708E-15	4.230033E-15
715.980	1.827896E-14	1.795248E-14	2.154378E-15	1.968566E-14	4.940311E-15	4.705523E-15
724.088	6.605014E-14	4.438543E-14	1.645309E-14	2.369917E-14	1.796231E-14	2.391557E-15
732.200	1.869009E-14	4.251521E-14	8.551010E-15	2.030940E-15	6.671720E-15	1.456699E-15
740.311	3.715850E-14	1.116085E-14	2.903473E-14	1.080515E-14	2.829511E-15	8.596604E-15
748.421	2.720281E-14	6.630406E-15	3.056233E-15	1.871780E-14	4.028375E-15	7.895024E-15
756.528	1.276101E-14	4.742454E-14	2.805328E-15	7.585670E-15	1.396315E-14	5.828562E-15
764.640	2.233782E-14	2.669293E-14	7.163458E-15	7.335263E-15	5.894816E-16	1.076018E-14
772.649	6.451849E-14	1.772878E-14	1.157801E-15	7.809875E-15	2.272148E-14	6.066242E-15
780.759	3.395010E-14	2.265826E-14	1.237810E-14	1.919593E-15	1.049579E-14	2.320265E-15
788.869	5.197513E-14	6.138667E-15	1.318725E-14	1.539051E-14	7.817182E-15	1.008996E-14
796.978	2.205970E-14	2.911534E-14	3.565405E-14	9.635754E-15	1.504638E-14	7.696763E-15
805.086	1.589282E-14	7.894012E-15	8.514730E-15	1.345529E-14	1.082481E-15	5.929956E-15
813.192	3.986708E-14	1.652563E-15	2.303008E-14	1.095982E-14	8.982540E-15	8.835798E-15
821.302	4.290215E-14	7.325692E-15	1.587468E-14	1.459748E-14	2.306786E-15	7.418395E-15
829.414	3.893601E-15	2.427656E-14	1.407198E-14	5.591508E-15	3.573669E-15	1.115064E-14
837.422	7.142298E-14	1.525800E-14	3.665869E-14	1.067264E-14	1.498668E-14	3.617249E-15
845.534	5.521982E-16	1.800287E-14	2.328603E-14	1.554316E-15	6.400407E-15	1.331485E-14
853.639	1.054013E-14	7.432505E-15	2.516131E-15	1.811824E-14	1.144022E-14	1.210553E-14
861.748	3.295453E-14	1.253127E-14	1.475517E-14	4.731471E-15	3.028020E-15	2.610725E-15
869.862	1.438938E-15	5.771880E-15	9.286597E-15	1.299681E-14	4.950135E-16	4.143124E-15
877.968	4.746887E-14	6.243463E-15	3.353494E-15	1.276202E-15	7.371288E-15	5.454717E-15
886.073	3.381711E-15	1.843213E-14	2.563086E-14	1.205514E-14	1.077794E-14	3.237615E-15
894.182	8.407918E-15	2.822054E-14	9.276524E-15	7.635045E-15	4.531967E-16	5.749209E-15
902.294	1.642890E-14	2.358934E-14	1.454155E-14	4.697714E-15	1.948563E-15	4.789664E-15
910.301	4.052408E-14	4.800491E-15	2.064495E-14	4.719379E-15	8.267606E-15	8.963140E-15
918.411	6.848062E-15	2.317014E-14	1.671810E-14	1.980960E-14	5.889775E-15	7.844891E-15
926.521	2.349461E-14	1.368605E-14	9.058872E-16	5.299793E-15	1.025194E-14	5.888896E-15
934.628	2.854904E-14	8.226541E-15	1.237408E-15	2.610345E-14	9.858699E-15	8.821946E-19
942.641	2.145914E-14	3.228543E-15	8.649759E-15	2.569530E-16	8.855070E-15	4.250311E-15
950.746	1.422011E-14	2.134628E-14	1.677855E-14	2.088427E-14	4.002680E-15	8.988962E-15
958.950	2.361553E-14	7.859753E-15	1.025194E-14	2.009275E-14	6.323082E-16	5.235929E-15
967.056	1.917780E-14	1.900246E-14	5.657006E-15	2.982689E-16	3.963632E-15	5.525255E-15
975.163	4.869016E-15	1.360947E-14	1.284061E-14	6.233390E-15	1.058270E-14	1.469672E-15
983.269	1.677553E-14	6.743263E-15	4.654384E-15	7.278837E-15	1.393872E-14	4.772405E-15
991.381	2.914154E-14	3.954059E-15	3.137855E-15	1.569431E-15	3.586768E-15	5.686354E-15
999.391	3.488924E-14	5.634837E-15	2.516935E-14	1.546557E-14	1.618731E-14	2.169996E-15
1007.495	3.236203E-14	1.851072E-14	3.649746E-15	1.313234E-14	9.862730E-15	6.289566E-15
1015.503	3.060869E-14	1.234384E-14	4.036690E-15	1.404578E-14	7.587686E-15	4.931621E-15
1023.707	6.063296E-14	7.267247E-15	2.000811E-14	1.145709E-15	9.392152E-15	5.731221E-17
1031.810	2.189445E-14	2.717459E-14	1.874249E-14	1.597948E-14	2.375570E-16	4.496936E-15
1039.918	1.787993E-14	1.448210E-14	5.338887E-14	1.458790E-14	2.352132E-15	1.676748E-15
1048.024	4.392997E-14	3.596140E-14	5.028242E-16	1.284716E-14	7.839345E-15	8.411318E-15
1056.135	2.382108E-15	4.955673E-15	2.700529E-16	7.864794E-16	3.981772E-15	2.395965E-15
1064.243	2.565101E-14	2.415564E-14	1.130192E-14	1.604699E-15	1.416519E-15	1.168622E-14
1072.352	4.210006E-14	4.230158E-15	5.277118E-15	1.934759E-14	3.309158E-15	3.329941E-15
1080.357	5.927866E-14	2.140473E-14	3.584047E-14	1.119461E-14	1.601072E-14	1.060827E-14
1088.470	3.126166E-14	3.520363E-14	3.670909E-15	1.189795E-14	9.984151E-15	7.998684E-15
1096.578	5.812186E-14	5.701949E-14	7.235007E-16	1.408709E-14	4.574528E-15	2.094674E-15
1104.686	2.377676E-14	6.332139E-15	1.749803E-14	1.613315E-14	1.276504E-14	1.660461E-14
1112.794	1.681262E-13	4.015931E-14	4.644307E-15	6.530142E-15	1.605405E-14	1.014412E-14
1120.903	3.026609E-14	1.600568E-14	2.585052E-14	9.849377E-15	2.372286E-15	9.717641E-16
1129.011	1.490935E-14	4.038905E-14	1.696497E-14	7.044052E-15	5.562287E-15	2.451764E-15
1137.116	1.916167E-14	4.095133E-15	5.712423E-15	3.733403E-16	4.056591E-15	1.442604E-14
1145.223	3.074574E-14	1.130394E-14	2.669192E-14	1.269148E-15	6.892392E-16	1.239801E-14
1153.234	2.648535E-14	1.093513E-14	1.465743E-14	7.536294E-15	1.244864E-14	7.946159E-15
1161.338	2.479651E-14	3.155992E-15	2.341300E-14	1.504941E-14	4.352086E-15	3.346441E-15
1169.443	1.375255E-14	1.490128E-14	1.514917E-14	1.049982E-14	1.042702E-14	7.475331E-15
1177.551	8.532868E-15	3.766636E-15	1.025496E-14	1.170901E-15	2.421911E-15	2.299608E-15
1185.658	4.855715E-14	5.016134E-14	2.832030E-14	1.230807E-14	3.261040E-15	3.676954E-15
1193.770	4.083847E-14	7.180589E-15	5.320449E-15	1.354800E-14	4.763706E-16	1.383555E-14
1201.875	4.689249E-14	4.007466E-14	1.501313E-14	5.660533E-15	5.566316E-15	3.279559E-15
1209.981	2.327696E-14	4.055431E-14	1.068826E-14	1.096940E-14	7.953718E-15	6.527500E-15
1218.092	4.722704E-14	1.021163E-14	1.726425E-14	2.886955E-16	6.502433E-15	1.266592E-14
1226.200	2.291420E-14	4.654586E-14	4.534472E-15	1.436571E-14	4.734493E-15	7.784053E-15
1234.204	3.063288E-15	3.332737E-14	6.560879E-15	1.024741E-14	1.274741E-14	4.244643E-15
1242.320	6.015733E-14	1.513505E-15	4.777317E-15	9.030150E-15	1.637198E-15	8.223393E-15
1250.429	5.388971E-15	2.926448E-14	5.849470E-15	1.685766E-14	5.725529E-15	1.127018E-14
1258.537	1.749299E-14	1.375860E-14	5.737619E-15	8.325294E-15	7.028483E-17	4.303976E-16
1266.645	3.248294E-14	9.816630E-15	3.163853E-14	1.754341E-15	1.025673E-14	5.395265E-15
1274.756	1.746477E-14	4.166879E-14	2.905086E-15	1.745117E-14	7.640835E-15	5.759788E-15
1282.860	1.519149E-14	9.423643E-15	1.323965E-14	1.422010E-14	8.347461E-15	7.575845E-15
1290.967	3.473205E-14	1.536078E-14	1.174227E-14	1.700931E-14	7.247604E-16	7.961906E-15
1299.076	3.491342E-14	1.095126E-14	3.553013E-15	1.293483E-14	3.096541E-15	7.250873E-15
1307.089	3.718671E-14	1.248895E-14	2.583944E-14	1.741943E-14	7.728252E-15	8.746115E-15
1315.195	2.930277E-15	1.434707E-14	9.631220E-15	1.406744E-14	9.589153E-15	1.090868E-14
1323.299	5.340602E-15	3.323266E-15	6.845038E-15	7.678386E-16	3.916776E-15	4.995857E-15
1331.410	2.164052E-14	3.932093E-14	1.198108E-15	3.277921E-15	1.266150E-14	6.430638E-15
1339.516	7.013318E-16	3.044949E-14	1.181986E-15	8.664876E-15	4.796464E-15	8.460069E-15
1347.621	1.517940E-14	4.323871E-14	3.133826E-15	1.432440E-14	8.407415E-15	5.088308E-15
1355.728	1.680778E-14	2.807141E-14	1.110240E-14	9.933515E-15	5.664817E-15	7.997297E-15
1363.834	2.357523E-14	4.186024E-14	1.611552E-14	1.253529E-14	1.256124E-14	3.740184E-15
1371.945	8.952057E-15	7.170511E-15	3.022989E-16	9.139489E-16	7.078813E-15	4.289485E-15
1380.055	1.787187E-14	1.832330E-14	2.159316E-14	1.517889E-14	5.398290E-15	4.062763E-15
1388.059	4.501018E-14	1.265621E-14	1.228842E-14	8.353510E-15	2.146065E-15	2.699398E-15
1396.165	9.310781E-16	3.939550E-14	8.059269E-15	1.545600E-14	1.082227E-14	6.934469E-15
1404.269	1.914152E-14	2.116490E-14	1.884326E-15	1.301595E-14	1.378455E-14	7.768308E-15
1412.375	1.403067E-14	8.262809E-16	2.759983E-15	6.287795E-16	1.615960E-14	7.892754E-15
1420.488	2.334145E-14	9.502236E-15	8.827102E-16	9.138475E-15	9.373511E-15	8.788562E-15
1428.594	1.384526E-14	2.561675E-14	1.608730E-14	9.813102E-15	1.207580E-14	1.499777E-14
1436.698	4.688040E-14	6.453058E-15	1.697505E-14	1.432339E-14	1.153998E-14	6.254927E-15
1444.809	2.011289E-15	1.446396E-14	1.276404E-14	7.040019E-15	2.310568E-15	9.225259E-15
1452.920	4.635238E-14	4.232376E-14	4.722906E-15	3.854302E-15	1.436118E-14	2.704687E-15
1461.036	1.894402E-14	5.136449E-14	3.037391E-14	1.442920E-14	1.305449E-14	8.513474E-15
1469.043	1.636441E-14	3.557044E-15	1.238012E-14	1.812933E-14	5.138313E-15	2.658085E-15
1477.149	1.555022E-14	1.170902E-14	2.166496E-16	9.851396E-15	7.057147E-15	9.186079E-16
1485.252	1.255142E-14	1.845833E-14	1.863164E-15	1.470882E-14	4.334705E-15	1.862786E-15
1493.366	7.810176E-14	3.839791E-14	8.876483E-15	3.459299E-15	1.329155E-14	6.343475E-15
1501.471	2.643295E-14	1.025798E-15	5.324479E-15	9.779851E-15	1.548422E-14	6.697919E-15
1509.576	5.000415E-14	2.669696E-14	2.349462E-14	1.191307E-14	3.624807E-15	6.860531E-15
1517.685	3.958091E-15	3.168891E-14	1.565905E-14	5.026211E-15	6.848314E-15	5.098006E-15
1525.791	4.757367E-14	2.503029E-14	1.109132E-14	6.633933E-15	1.121778E-15	1.691182E-14
1533.894	2.783965E-14	1.155182E-14	2.757664E-14	4.454364E-15	1.222015E-14	4.622265E-15
1541.999	7.385346E-14	5.284172E-15	8.675952E-16	9.855927E-15	3.050188E-15	5.177110E-15
1550.107	3.840799E-14	2.305527E-14	1.545651E-14	8.029541E-15	4.273236E-15	8.631746E-15
1558.113	8.152782E-14	1.322051E-14	7.726742E-15	8.269869E-15	1.624857E-16	1.516655E-15
1566.229	2.578402E-14	1.179970E-14	1.887651E-14	2.355860E-14	4.613825E-15	1.277688E-14
1574.339	2.829511E-14	8.804939E-15	1.538697E-15	4.483083E-15	4.227137E-15	4.546816E-15
1582.445	1.270055E-14	9.459919E-15	1.065198E-14	7.848669E-15	6.561636E-15	1.191874E-14
1590.556	2.269252E-14	2.065906E-14	1.920501E-14	9.393914E-15	2.146318E-15	6.000617E-15
1598.668	8.601391E-15	1.530032E-14	2.911534E-14	8.883032E-15	5.629799E-15	7.703939E-15
1606.774	4.586468E-14	2.156397E-16	2.858733E-15	2.699523E-15	9.849126E-15	9.800507E-15
1614.881	1.451031E-16	1.940351E-14	3.371229E-14	8.263825E-15	1.776103E-14	1.167186E-14
1622.988	1.354699E-14	2.592308E-14	3.309157E-15	8.305641E-15	4.338987E-15	1.029880E-14
1630.994	2.781145E-15	8.045162E-15	1.715139E-14	1.517285E-14	1.116967E-14	8.516620E-15
1639.116	1.145912E-14	5.850476E-15	3.284974E-15	1.577001E-16	6.676001E-15	1.325452E-15
1647.227	2.226527E-14	4.410127E-14	3.038097E-14	4.168691E-15	1.066332E-14	3.695469E-15
1655.338	7.904090E-15	4.516335E-15	5.640885E-15	1.273633E-14	1.641630E-14	6.005404E-15
1663.447	6.094330E-15	9.197926E-15	3.568126E-15	1.580516E-15	1.033759E-14	5.910181E-15
1671.553	1.261994E-14	3.615890E-14	2.109236E-14	1.842709E-14	6.670464E-15	3.036334E-15
1679.658	1.501011E-14	4.016333E-14	1.106310E-14	7.513620E-15	1.197629E-14	1.887474E-15
1687.767	4.298681E-14	3.753737E-14	9.703754E-16	1.086460E-14	8.162048E-15	1.117583E-14
1695.775	1.655385E-14	3.642894E-14	7.513116E-15	4.260893E-15	7.842873E-15	3.922699E-15
1703.886	2.533259E-14	7.077809E-15	4.016532E-15	4.882117E-15	1.075174E-15	9.248304E-15
1711.993	1.347847E-14	1.472998E-14	1.622938E-14	1.546960E-14	1.650548E-15	5.082514E-15
1720.096	6.510293E-14	3.182797E-14	2.400651E-14	1.210805E-14	1.117244E-14	3.702398E-15
1728.202	4.199930E-14	3.523789E-14	5.814190E-16	1.669744E-14	3.597097E-15	9.188353E-15
1736.318	2.094322E-14	9.367215E-15	2.956577E-14	7.851188E-15	6.779043E-16	9.760324E-15
1744.427	2.882715E-14	6.227342E-15	3.715043E-14	5.681695E-15	2.063563E-14	6.241323E-15
1752.534	5.175345E-15	2.185616E-14	9.290637E-16	1.377069E-14	1.001917E-14	4.423379E-15
1760.643	1.958891E-15	5.160835E-14	4.462929E-15	1.492093E-14	2.490683E-15	1.088387E-14
1768.649	1.155585E-14	7.269265E-15	6.316018E-15	3.734895E-15	8.092774E-15	1.356513E-14
1776.756	1.632007E-14	3.264821E-15	1.756957E-14	1.006905E-14	8.408925E-15	5.858918E-15
1784.868	2.106817E-14	4.060871E-15	1.041921E-15	1.156341E-14	4.073970E-15	7.491452E-15
1792.977	2.708592E-15	2.001819E-14	5.543142E-15	9.749119E-15	2.971339E-15	7.853329E-15
1801.082	4.284573E-15	1.660625E-15	2.781244E-14	6.070149E-15	1.338400E-14	1.264437E-14
1809.191	4.445798E-14	3.250310E-14	5.424237E-15	7.660740E-15	4.363169E-16	8.267603E-15
1817.306	1.262397E-14	1.353893E-14	2.731869E-14	1.381452E-14	1.193246E-14	8.476315E-15
1825.415	4.711821E-14	8.407919E-15	2.797770E-14	4.743563E-15	1.367647E-14	4.266812E-15
1833.430	1.303912E-14	3.821855E-14	4.360146E-15	2.568527E-15	8.875728E-15	4.240613E-15
1841.542	3.207183E-14	1.932290E-14	3.113672E-15	6.112972E-15	7.491956E-16	5.715955E-15
1849.653	3.438138E-14	1.028015E-14	1.895712E-14	7.081337E-15	1.533710E-14	1.390345E-14
1857.763	2.555024E-14	4.325282E-14	1.165862E-15	3.513207E-15	6.650812E-15	8.608196E-15
1865.870	1.317617E-14	2.917379E-14	1.692668E-14	1.146869E-14	1.132410E-14	6.369043E-15
1873.977	1.721487E-14	8.280955E-15	2.169997E-14	3.804930E-15	1.146013E-14	9.679968E-15
1882.084	2.545351E-14	1.880295E-14	1.680072E-14	9.976847E-15	3.704917E-15	9.796100E-15
1890.193	2.550993E-14	1.764817E-14	1.309556E-14	1.139513E-14	7.226441E-15	1.228061E-14
1898.300	1.905285E-14	3.612665E-14	9.759193E-15	4.109241E-15	8.551008E-15	6.602571E-15
1906.314	7.926257E-14	4.351078E-14	1.606412E-14	4.462929E-15	4.803770E-15	8.568139E-15
1914.418	1.760584E-14	1.850065E-14	7.183608E-15	1.454357E-14	1.193826E-14	7.878393E-15
1922.528	3.309964E-14	1.650548E-15	7.939360E-15	1.946649E-14	1.803914E-14	2.964033E-15
1930.643	4.153577E-14	2.207381E-14	2.303210E-14	7.974121E-15	1.501137E-14	1.046279E-14
1938.756	2.381706E-14	2.200328E-14	1.952848E-15	2.559912E-14	2.882665E-15	8.567636E-16
1946.867	3.502630E-15	2.717661E-14	2.147324E-14	5.874655E-16	2.779128E-15	6.784449E-15
1954.975	5.157610E-14	8.871444E-15	2.193375E-14	1.125355E-14	1.195337E-15	7.238779E-16
1963.081	1.894402E-15	1.474006E-14	8.282967E-16	1.580010E-15	9.368976E-15	6.766817E-15
1971.088	2.769857E-14	3.449423E-14	2.651256E-14	2.831525E-15	4.719128E-15	8.683515E-15
1979.196	2.204762E-15	4.212022E-16	2.750935E-16	4.286084E-15	1.186344E-14	8.104482E-15
1987.303	1.603389E-14	3.658614E-14	1.099559E-14	1.246174E-14	9.972061E-15	9.640543E-15
1995.412	6.066117E-15	5.773894E-15	2.271267E-15	1.324419E-14	3.319486E-15	7.552794E-15
2003.517	1.596537E-14	1.549379E-14	9.581845E-15	9.220598E-15	5.185673E-15	7.532390E-15
2011.622	3.228546E-15	2.599763E-15	1.208387E-14	1.000657E-14	3.274140E-15	1.259387E-14
2019.731	2.253532E-14	1.772878E-14	1.201333E-14	3.944991E-15	1.790864E-15	8.688930E-15
2027.847	6.170914E-15	3.193075E-14	1.887953E-14	2.309056E-15	7.834056E-15	5.798836E-15
2035.954	1.761391E-15	1.401051E-14	2.220481E-14	2.209950E-14	3.172619E-15	6.650308E-15
2043.965	3.820646E-14	2.856516E-14	2.207583E-14	1.114473E-14	1.469522E-14	2.355282E-15
2052.077	9.935535E-15	2.336765E-14	1.949825E-15	7.955985E-15	1.012699E-15	1.094383E-14
2060.181	4.864179E-14	2.782755E-14	9.834768E-15	6.036391E-15	5.665823E-15	2.859111E-15
2068.285	2.668688E-14	6.368415E-15	3.047165E-15	4.666477E-15	1.125708E-14	7.889982E-15
2076.392	1.557037E-14	1.977836E-14	1.498391E-14	4.526412E-15	3.544699E-15	9.677074E-15
2084.495	1.068927E-14	6.358943E-14	3.105811E-14	1.366791E-14	4.560169E-15	3.807704E-16
2092.606	3.971795E-14	7.366000E-15	7.780148E-15	9.889686E-15	1.224988E-14	1.253807E-14
2100.715	1.874652E-14	1.080212E-14	8.386760E-15	2.800791E-15	6.547275E-15	1.127169E-14
2108.824	5.131814E-14	1.592104E-14	7.157414E-15	1.413193E-14	1.199318E-14	5.722380E-15
2116.933	1.761391E-14	9.133437E-15	1.722394E-14	7.990750E-15	9.409536E-15	8.700774E-15
2124.944	1.268041E-14	2.796863E-14	2.139163E-14	2.178613E-14	9.285592E-15	3.375033E-15
2133.051	4.461921E-15	1.355707E-14	1.604599E-14	1.317970E-14	3.749505E-15	8.983166E-15
2141.162	4.848863E-15	1.325275E-14	2.460808E-14	4.112263E-15	1.272020E-14	7.648145E-16
2149.275	2.170501E-14	7.765032E-15	1.364473E-14	7.354410E-15	7.114586E-15	5.755885E-15
2157.389	3.960912E-14	2.353894E-15	3.665871E-15	6.443484E-15	6.022282E-15	2.883546E-15
2165.498	3.661436E-14	1.496578E-14	2.130094E-14	8.423033E-15	9.903541E-15	7.456940E-15
2173.604	1.402662E-15	5.688244E-14	4.897231E-14	1.064039E-14	1.077945E-15	1.065009E-14
2181.710	1.488113E-14	4.319841E-14	1.720379E-14	2.405286E-15	7.967825E-15	8.133835E-15
2189.818	8.020987E-16	2.695492E-14	2.086663E-14	1.614474E-14	2.083515E-14	5.970265E-15
2197.824	1.347444E-14	7.527224E-15	1.283054E-14	1.037336E-14	1.747787E-15	1.390937E-14
2205.936	1.421608E-14	7.164466E-15	3.691766E-14	4.396424E-15	8.557558E-15	4.508020E-15
2214.042	2.515927E-14	2.847650E-15	1.497888E-14	4.982379E-15	5.280897E-15	3.951163E-15
2222.151	2.507060E-14	3.742250E-14	2.076386E-14	7.139782E-15	3.336617E-15	6.403053E-15
2230.261	6.370430E-14	1.808751E-14	1.356110E-14	2.925238E-15	3.565103E-15	8.058776E-16
2238.366	5.949631E-14	5.195496E-15	3.262502E-14	1.088526E-14	8.599626E-15	9.001683E-15
2246.480	6.972205E-14	2.582433E-14	8.494577E-15	1.030837E-14	1.976273E-15	1.253379E-14
2254.585	3.265626E-14	1.512902E-14	5.609645E-15	8.846252E-15	6.693385E-15	5.951503E-16
2262.692	5.308358E-15	1.974612E-14	2.602082E-14	2.365634E-14	1.344647E-14	8.916280E-15
2270.708	4.031448E-14	1.669291E-14	3.413853E-14	5.877182E-15	6.382270E-15	7.313348E-15
2278.817	4.127377E-15	1.504034E-14	4.230058E-14	1.800488E-14	1.305953E-14	1.102620E-14
2286.922	5.520368E-14	5.185422E-15	8.586277E-15	3.802910E-15	2.264214E-15	9.710823E-15
2295.031	1.684808E-15	1.496376E-14	2.275197E-14	2.757465E-15	1.172287E-14	6.950469E-15
2303.138	1.120518E-15	1.743454E-14	3.234580E-16	1.185261E-14	1.176318E-14	7.889606E-15
2311.246	5.428872E-14	1.104799E-14	1.030736E-14	2.408611E-14	3.818277E-15	6.069645E-15
2319.356	1.698513E-14	1.577392E-14	2.566915E-14	4.832237E-15	2.188641E-15	5.718725E-15
2327.460	1.520358E-14	4.098357E-14	1.432692E-14	1.598653E-14	2.753432E-15	3.967160E-15
2335.574	6.976236E-14	7.652174E-15	5.499809E-15	6.401166E-15	5.584959E-15	3.942598E-15
2343.585	2.950833E-14	3.024998E-15	2.352989E-14	3.975231E-16	6.976034E-15	8.934046E-15
2351.694	9.629205E-15	2.367800E-14	2.737815E-15	7.258681E-15	3.082433E-15	5.216910E-15
2359.801	9.888778E-14	1.549782E-14	1.007358E-14	8.822571E-15	6.504449E-16	8.669782E-15
2367.915	5.277723E-14	1.549782E-14	1.206069E-14	1.345227E-15	1.368252E-14	6.949080E-15
2376.023	2.822256E-14	3.131808E-15	6.218271E-15	1.050486E-14	1.433372E-14	8.714759E-15
2384.135	1.577997E-14	1.901052E-14	6.076193E-15	3.879997E-15	4.480562E-15	1.063384E-14
2392.240	9.044762E-15	5.433306E-15	2.061069E-14	5.864603E-16	1.218740E-14	3.484741E-15
2400.348	1.929872E-14	1.329507E-14	3.176146E-15	7.618922E-15	7.134488E-15	9.353230E-15
2408.455	2.210001E-14	1.485292E-14	2.602183E-14	1.590643E-14	7.292945E-16	8.324661E-15
2416.462	4.851684E-14	3.181185E-14	1.488113E-14	1.260583E-14	1.711511E-15	6.214245E-15
2424.577	1.883116E-14	1.430901E-16	9.992969E-15	6.461623E-15	8.373658E-16	1.313196E-14
2432.683	2.898032E-14	7.805337E-15	2.820845E-14	1.089332E-14	1.018694E-14	2.364350E-15
2440.792	1.688436E-14	1.593313E-14	2.021871E-14	1.547313E-14	5.542281E-17	5.005429E-15
2448.902	7.013312E-16	2.897024E-14	2.632211E-14	1.371527E-14	6.951599E-15	6.679906E-15
2457.008	8.528838E-15	3.376671E-14	8.101610E-16	1.019551E-14	4.492403E-15	9.764105E-15
2465.114	3.112462E-14	1.136440E-14	7.975632E-15	2.275297E-15	7.544102E-15	1.054756E-14
2473.225	8.859351E-15	1.681181E-14	1.388355E-14	1.318523E-15	1.209067E-14	2.851049E-15
2481.331	1.977836E-14	3.313187E-15	3.361556E-15	5.560775E-15	1.695137E-15	4.857805E-15
2489.339	1.688839E-14	6.920008E-14	3.067017E-14	6.660637E-15	1.444179E-14	7.101867E-15
2497.449	5.598159E-14	1.453047E-14	1.008568E-14	4.281046E-15	1.806735E-15	2.392060E-15
2505.554	5.388971E-15	1.668887E-14	4.304727E-15	7.800804E-15	9.237225E-15	5.932224E-15
2513.661	7.226942E-15	1.160019E-14	9.330947E-16	6.544254E-15	4.209497E-16	6.030346E-15
2521.768	3.164457E-14	9.155605E-15	1.295146E-14	3.983282E-15	1.205666E-14	7.600534E-15
2529.876	6.150759E-15	1.977030E-15	6.031854E-15	7.788208E-15	1.095075E-14	3.349215E-16
2537.983	1.906494E-15	7.521177E-15	1.815200E-14	8.433617E-15	8.424042E-16	7.676738E-15
2546.089	1.472394E-14	1.308548E-14	1.029728E-14	6.101885E-15	9.279295E-15	7.446233E-15
2554.197	9.830737E-14	3.536284E-14	4.059864E-15	8.930389E-15	2.775602E-15	4.782483E-15
2562.305	1.074972E-14	6.596146E-15	2.948415E-15	1.021869E-14	1.001363E-15	8.986566E-15
2570.315	3.658614E-14	4.327096E-14	2.291823E-14	1.619764E-14	5.332288E-15	4.210888E-15
2578.429	4.159623E-15	2.104802E-14	7.204771E-15	6.634940E-15	6.641994E-15	2.884804E-15
2586.539	5.526011E-14	1.016528E-14	4.750112E-15	1.219924E-14	2.426948E-15	9.193264E-15
2594.650	1.424429E-14	1.300890E-14	6.419805E-15	1.721084E-15	4.517092E-15	5.765963E-15
2602.758	6.295864E-15	2.234991E-14	1.371425E-15	9.290126E-15	6.511252E-15	5.712176E-15
2610.866	1.787993E-14	3.120120E-14	3.042128E-15	1.012699E-14	1.170675E-14	1.333236E-14
2618.977	2.504238E-14	8.113682E-15	1.920198E-14	1.153872E-14	1.627750E-14	4.682976E-15
2627.084	3.788805E-16	9.093129E-15	6.924644E-15	9.577308E-15	3.221995E-15	1.017007E-14
2635.097	1.644502E-14	1.422615E-14	1.996277E-14	1.394300E-14	7.395724E-15	1.530825E-14
2643.203	1.209193E-14	6.296469E-14	2.130295E-14	9.263928E-15	4.424641E-15	1.513141E-14
2651.310	1.201938E-14	4.564702E-15	1.417777E-15	8.164571E-15	1.604825E-14	1.067566E-14
2659.421	8.806950E-15	1.860947E-14	1.552805E-14	2.173625E-14	7.313601E-15	2.272149E-15
2667.534	1.502623E-14	1.895007E-14	8.290023E-15	2.299483E-15	2.756206E-15	2.974865E-15
2675.641	1.033860E-14	2.608228E-14	1.533962E-14	3.217462E-15	8.517753E-15	9.205989E-15
2683.745	5.703360E-15	2.841618E-16	6.882331E-16	7.166988E-15	3.191772E-16	3.942850E-15
2691.854	1.692846E-16	3.747893E-14	7.447619E-15	2.314597E-15	1.270056E-14	1.069468E-14
2699.962	2.528825E-14	1.192869E-14	6.376475E-15	2.612864E-15	1.405334E-14	3.419117E-15
2708.068	2.744866E-15	1.393595E-14	1.837267E-14	5.814705E-15	9.456649E-15	6.950217E-15
2716.074	2.911736E-14	2.422819E-14	8.509693E-15	6.527625E-15	4.366193E-15	9.679584E-15
2724.180	5.711421E-14	2.466753E-14	2.591098E-14	3.600876E-15	1.151000E-15	8.519767E-15
2732.286	1.656595E-15	3.510891E-14	1.263707E-14	5.746188E-15	8.132828E-15	2.313716E-15
2740.393	8.341818E-14	3.353495E-15	3.920203E-14	5.751727E-15	2.003228E-15	3.191011E-15
2748.499	8.069345E-15	1.020357E-14	4.431691E-15	3.049683E-15	1.277588E-14	1.044365E-14
2756.606	2.064495E-14	2.727132E-14	3.935016E-14	8.582749E-15	1.076333E-14	8.186360E-15
2764.713	5.090701E-15	1.966956E-15	1.102280E-14	3.421000E-16	2.082759E-14	5.204694E-15
2772.818	4.397028E-14	2.021368E-15	5.068530E-16	3.471393E-15	1.482268E-15	8.281834E-15
2780.928	1.666671E-14	2.897428E-14	2.650752E-14	2.483878E-16	1.060060E-14	1.487432E-15
2789.039	1.080212E-14	1.733378E-14	3.000914E-14	2.008217E-14	1.288445E-14	8.390039E-16
2797.050	2.784368E-14	2.963933E-14	2.977637E-14	2.549383E-15	9.154596E-15	7.217366E-16
2805.158	1.033457E-14	3.440354E-14	1.584647E-14	1.664605E-14	3.826843E-15	7.286269E-15
2813.267	9.101189E-15	7.136253E-15	1.041820E-14	8.989340E-15	1.078801E-14	3.031042E-15
2821.375	9.290632E-15	3.214638E-14	4.288805E-14	9.977857E-15	1.183598E-14	4.309638E-15
2829.483	2.416773E-14	2.625965E-15	9.610056E-15	1.060815E-14	7.809623E-15	5.001146E-15
2837.589	5.336570E-14	9.155604E-15	8.209410E-15	8.010901E-15	8.790331E-15	7.622953E-15
2845.694	2.218868E-14	7.158422E-15	1.898936E-14	5.865592E-15	3.894104E-15	8.159534E-15
2853.796	2.560264E-14	1.598351E-14	1.211611E-14	1.199519E-14	7.744627E-15	1.069997E-14
2861.909	1.600164E-15	2.188236E-14	3.781750E-15	7.040020E-15	5.338839E-15	3.407909E-15
2870.026	2.615887E-14	1.356916E-14	1.538295E-14	9.199438E-15	3.508674E-15	8.852677E-15
2878.030	1.892790E-14	3.107021E-14	8.426057E-15	3.466857E-15	4.051550E-15	5.485830E-15
2886.137	2.383722E-14	2.353694E-14	1.806635E-14	2.680176E-14	1.927144E-16	6.271682E-15
2894.247	1.745268E-14	1.214231E-14	1.805728E-14	6.457091E-15	1.577004E-16	1.246010E-14
2902.354	1.801294E-14	1.350265E-15	2.374653E-14	1.076988E-14	5.315662E-15	5.537092E-15
2910.470	3.004038E-14	1.097745E-14	2.270763E-14	1.107924E-15	1.358150E-14	4.855161E-15
2918.578	7.678373E-15	5.169298E-15	8.836177E-15	1.625558E-14	2.377829E-15	4.170077E-15
2926.683	5.489734E-14	4.180381E-14	2.920099E-14	5.407608E-15	1.684431E-14	4.906931E-15
2934.789	2.528825E-14	3.788803E-14	7.456887E-17	6.076203E-16	1.024111E-14	6.620078E-15
2942.898	1.407903E-14	1.310564E-14	1.453046E-15	1.680475E-14	1.034036E-14	2.590820E-15
2950.912	7.072165E-14	9.893212E-15	1.773483E-14	7.853202E-15	5.301306E-15	1.482999E-14
2959.022	2.822256E-14	1.726324E-14	1.135230E-14	1.359586E-14	1.041039E-14	5.840149E-15
2967.130	5.049186E-14	5.364584E-14	3.987817E-14	5.717465E-15	4.703256E-15	9.662836E-15
2975.239	7.492964E-15	2.259175E-15	7.555439E-15	2.066713E-15	9.552123E-15	7.205531E-15
2983.348	1.676747E-15	2.051799E-14	4.422620E-15	1.425940E-14	6.707997E-15	6.955002E-15
2991.453	6.259588E-15	2.140271E-15	2.484186E-14	4.067423E-15	8.710723E-15	3.213178E-15
2999.556	1.902463E-15	3.528425E-14	2.279933E-14	5.800094E-15	4.919650E-15	9.385084E-16
3007.666	1.440954E-14	7.924243E-15	1.650347E-14	1.597646E-15	4.109241E-15	2.700406E-15
3015.775	4.454665E-14	1.715643E-14	1.776203E-14	3.148435E-15	4.784120E-15	3.291018E-15
3023.784	1.636437E-15	3.242651E-15	1.904579E-14	1.144501E-14	1.466423E-14	5.473611E-15
3031.894	1.668283E-14	2.634226E-14	2.017941E-14	3.550997E-15	1.268267E-14	4.953533E-15
3040.004	1.003628E-15	2.330719E-14	6.239435E-15	9.797987E-15	7.294457E-15	8.530352E-15
3048.113	1.283760E-13	2.745472E-14	2.949422E-15	1.103842E-14	3.420756E-15	1.492018E-14
3056.222	4.506260E-15	2.032855E-14	9.167698E-15	1.254890E-14	3.169092E-15	8.637290E-15
3064.332	6.819846E-15	1.875256E-14	1.687126E-14	6.876276E-15	1.533409E-15	7.552164E-15
3072.438	7.062088E-14	8.250724E-15	3.011896E-15	8.412958E-15	4.992202E-15	7.639200E-15
3080.552	1.305929E-15	1.142284E-14	1.319028E-14	1.418736E-14	9.187355E-16	1.120582E-14
3088.660	2.764214E-14	1.800286E-14	3.058252E-15	1.429568E-14	1.262347E-15	1.266000E-14
3096.665	3.256356E-14	1.411329E-14	1.056734E-14	2.158661E-14	8.325290E-15	1.942390E-15
3104.775	2.613468E-14	3.895012E-14	1.421507E-14	8.881521E-15	4.649347E-15	1.040599E-14
3112.882	1.584043E-15	2.417983E-14	2.582634E-14	1.820439E-14	5.465298E-15	7.373682E-15
3120.988	6.743265E-14	1.673724E-14	7.210817E-15	3.272882E-15	4.843570E-15	2.243431E-15
3129.105	5.981475E-15	3.677558E-14	9.839806E-15	3.377174E-15	1.084771E-14	7.952708E-15
3137.214	5.280544E-14	2.421812E-14	1.161833E-14	1.105958E-14	9.509290E-15	1.006036E-14
3145.320	1.195891E-14	1.157802E-14	1.145307E-14	8.546473E-15	8.762111E-15	1.286039E-14
3153.426	2.431686E-14	3.378484E-14	1.997284E-14	6.018759E-15	2.158586E-14	5.925046E-16
3161.535	4.551805E-14	4.250313E-15	1.165862E-15	1.528672E-14	5.743918E-15	2.859867E-15
3169.550	3.499404E-14	3.440153E-14	3.603394E-14	4.485097E-15	5.594786E-15	7.643862E-15
3177.655	1.934708E-15	1.676143E-14	4.416577E-15	3.851785E-15	1.150622E-14	3.399343E-15
3185.770	5.777119E-14	2.810365E-14	9.835775E-15	3.538400E-15	1.113817E-14	1.006313E-14
3193.875	8.770675E-15	1.827494E-14	6.656605E-15	6.379498E-15	1.840819E-14	6.960290E-15
3201.979	3.284974E-14	1.063082E-14	1.673721E-15	1.250859E-14	1.572253E-14	3.578445E-16
3210.086	1.540109E-14	1.072151E-14	9.145527E-15	1.493151E-14	7.027927E-15	1.073763E-14
3218.191	3.697711E-14	3.271269E-14	1.679871E-14	1.885736E-14	3.727086E-15	7.269765E-15
3226.301	5.453458E-15	1.438335E-14	8.534885E-15	1.545046E-14	1.501163E-15	7.607083E-15
3234.420	2.748898E-14	1.249499E-14	7.929280E-15	1.876314E-14	3.738171E-15	6.037651E-15
3242.427	2.297063E-14	3.788602E-14	1.677654E-14	6.801708E-15	2.560718E-15	5.593272E-15
3250.544	4.951241E-14	1.759374E-15	8.620539E-15	1.342859E-14	3.648739E-15	4.414939E-15
3258.654	1.194682E-14	2.477233E-14	6.196104E-15	1.515219E-14	9.535744E-15	3.131306E-15
3266.771	3.839187E-14	4.256358E-15	2.387148E-15	9.875577E-15	8.749005E-15	7.238279E-15
3274.879	9.422029E-14	2.010081E-14	3.953052E-15	1.018695E-14	4.530692E-15	7.773474E-15
3282.986	1.413546E-14	3.061277E-15	2.508269E-14	5.575889E-15	3.671915E-15	4.838156E-15
3291.100	6.834760E-14	2.983481E-14	3.960912E-14	3.792331E-15	1.027386E-14	7.163208E-15
3299.108	1.832330E-14	7.347861E-15	6.948825E-15	8.476947E-15	1.146667E-14	1.263241E-14
3307.215	1.887953E-14	2.003229E-15	1.953753E-14	2.214838E-15	1.457883E-14	7.733670E-15
3315.330	4.546566E-15	1.890573E-14	1.648532E-15	8.891597E-15	3.491543E-15	5.329641E-15
3323.440	6.244271E-14	3.417985E-14	8.298086E-15	8.755563E-15	3.057495E-15	4.391762E-15
3331.547	5.864988E-14	1.512902E-14	2.701538E-15	8.996897E-15	9.539775E-15	1.203097E-14
3339.652	4.145516E-14	4.063492E-14	1.380490E-16	3.527820E-15	8.326045E-15	7.372675E-15
3347.759	1.586864E-14	2.016530E-14	3.646925E-14	1.524742E-14	2.000458E-15	9.413693E-15
3355.867	1.821850E-14	7.333754E-15	9.786398E-15	6.756365E-15	2.034467E-14	8.541184E-15
3363.975	3.815810E-14	1.496174E-14	1.324066E-15	1.454306E-14	3.750009E-15	7.605696E-15
3371.986	4.014519E-15	3.372439E-14	1.765724E-14	1.521870E-14	2.676347E-15	3.794095E-15
3380.098	5.642905E-16	1.897425E-14	4.359139E-15	1.177956E-15	6.642248E-15	1.067956E-14
3388.204	5.425244E-15	5.495780E-15	2.530234E-15	4.621130E-15	1.514514E-15	5.275104E-15
3396.319	2.539708E-14	1.811572E-14	1.376666E-14	8.259290E-15	6.353046E-15	6.115489E-15
3404.433	1.935111E-14	7.139881E-14	5.330525E-15	5.572362E-15	1.212846E-14	1.037740E-14
3412.541	8.733999E-14	2.734992E-14	4.150252E-14	2.453150E-15	4.211015E-15	6.262234E-15
3420.651	7.183411E-14	1.418988E-14	4.961722E-15	6.141691E-15	5.725023E-15	1.055486E-14
3428.762	6.344231E-15	1.284163E-14	1.241942E-14	8.054231E-15	1.575805E-14	6.781429E-15
3436.774	1.798473E-14	3.526207E-14	4.803518E-15	7.388167E-15	4.396170E-15	2.619287E-15
3444.885	1.266831E-14	2.099360E-14	9.556653E-15	9.708808E-15	2.931284E-15	3.346188E-15
3452.995	1.899642E-14	1.419794E-14	8.428073E-15	1.223804E-15	4.750111E-15	7.328968E-15
3461.107	1.126565E-14	6.132622E-15	8.676966E-15	1.673222E-15	7.598769E-15	2.526331E-15
3469.216	2.196701E-15	4.104806E-14	1.066810E-14	1.531846E-14	8.043654E-16	4.246028E-15
3477.330	1.367960E-13	8.162050E-14	3.055832E-14	1.030131E-14	8.318241E-15	1.140117E-14
3485.433	2.418387E-15	3.455872E-14	7.495985E-15	2.340695E-14	1.043961E-14	9.339880E-15
3493.543	2.050791E-14	4.460510E-14	2.021770E-14	6.796168E-15	6.815566E-15	5.484822E-15
3501.549	2.037893E-14	2.220481E-14	2.914557E-14	4.869013E-15	8.560079E-15	8.546600E-15
3509.659	8.415980E-15	3.888965E-14	6.364385E-15	1.207076E-14	1.449469E-14	6.551305E-15
3517.770	1.228540E-14	5.502029E-14	1.950126E-14	1.659012E-14	1.286430E-14	7.475455E-15
3525.879	2.187027E-14	1.461914E-14	2.800490E-14	4.430682E-15	6.612780E-16	7.370028E-15
3533.991	3.851682E-14	6.089697E-14	1.648633E-14	4.728952E-15	5.588484E-15	9.526044E-15
3542.100	3.403071E-14	3.331931E-14	4.214036E-15	3.308654E-15	6.466665E-15	8.478085E-15
3550.208	3.180176E-15	2.806536E-14	1.321950E-14	1.079205E-15	1.328096E-14	1.104799E-14
3558.324	8.851290E-15	8.329325E-15	3.185215E-15	8.335873E-15	5.187186E-15	5.309109E-16
3566.334	3.041119E-14	2.747488E-14	3.786991E-14	2.214485E-14	1.763255E-14	1.027851E-14
3574.442	3.954060E-14	1.380294E-14	1.062073E-15	4.184815E-15	1.972320E-14	5.641261E-15
3582.551	2.386543E-14	9.917396E-15	2.055728E-14	4.161633E-16	1.571598E-14	1.652816E-15
3590.663	3.154381E-14	5.874662E-15	1.310664E-14	2.661735E-15	8.507429E-15	1.016276E-14
3598.770	1.943173E-14	1.452643E-14	1.896619E-14	4.489145E-16	8.650010E-15	2.866415E-15
3606.876	1.267234E-14	1.456070E-14	1.265320E-14	1.024639E-14	7.869078E-15	1.110832E-14
3614.986	1.722293E-14	1.056834E-14	3.627572E-16	1.633921E-15	1.230102E-15	3.495701E-15
3623.094	1.224912E-14	1.735191E-14	1.417678E-14	5.424740E-15	1.397373E-14	8.754305E-15
3631.196	1.813386E-14	3.578203E-14	3.011898E-15	9.497212E-16	6.653833E-15	1.140218E-14
3639.205	2.223303E-14	1.791419E-14	4.332854E-17	5.203558E-15	3.540163E-15	1.280951E-14
3647.312	6.384539E-15	5.225729E-15	2.805328E-15	4.735502E-15	2.696248E-15	6.882573E-15
3655.416	3.812182E-14	2.237006E-15	1.817517E-14	1.889666E-14	4.364178E-15	1.296242E-14
3663.524	1.781947E-14	3.169496E-14	7.707596E-15	6.031352E-15	8.812749E-15	7.635923E-15
3671.632	5.335361E-14	3.119717E-14	3.516726E-16	5.022179E-15	1.608806E-14	2.956099E-15
3679.735	6.037096E-14	1.775296E-14	1.804722E-15	9.147547E-15	1.070010E-14	6.667438E-15
3687.840	7.996795E-15	6.791634E-16	8.110661E-15	8.857348E-16	1.879287E-15	7.620686E-15
3695.947	3.697711E-14	2.117901E-14	1.316811E-14	2.886444E-15	1.903471E-15	8.642830E-15
3704.057	3.407908E-14	8.045163E-15	1.967962E-15	7.638066E-15	7.653184E-16	1.162954E-14
3712.170	2.798878E-14	8.430088E-15	8.750525E-15	7.503041E-15	4.423126E-15	3.264946E-15
3720.277	9.734001E-15	1.531644E-14	1.287287E-14	5.845442E-15	7.699533E-15	8.687796E-15
3728.288	5.459908E-14	6.787600E-15	4.980867E-15	5.779941E-15	7.736315E-16	1.632914E-15
3736.397	3.806136E-14	3.355913E-14	4.302710E-15	9.524408E-15	1.097065E-14	2.473800E-16
3744.511	5.711421E-14	3.062079E-14	4.457889E-15	1.594673E-14	5.919754E-15	1.239032E-14
3752.622	2.211614E-14	2.052202E-14	3.367601E-14	8.314206E-15	1.286405E-14	9.076502E-15
3760.729	8.694097E-15	7.430491E-15	1.629186E-14	5.968878E-15	1.204205E-14	1.229341E-16
3768.841	2.957685E-14	1.473401E-14	3.856318E-15	1.118507E-16	1.478515E-14	5.777549E-15
3776.951	2.720281E-14	2.510687E-14	2.500006E-15	1.327895E-14	1.361349E-15	8.612980E-15
3784.959	5.441372E-16	7.009287E-15	5.882722E-15	1.887751E-14	6.221297E-15	8.847240E-16
3793.069	1.392990E-14	5.499812E-15	6.515535E-15	1.744966E-14	8.814508E-16	1.237269E-14
3801.178	1.817822E-15	5.066518E-15	1.489826E-14	2.321902E-14	1.793386E-15	2.729501E-15
3809.286	3.763008E-14	1.617497E-14	6.205175E-15	9.426163E-15	8.871948E-15	3.374654E-15
3817.399	4.143501E-15	2.668285E-15	1.128595E-16	6.924140E-15	1.281064E-14	7.413105E-15
3825.503	8.981883E-14	1.672919E-14	8.058257E-15	2.016883E-14	5.167788E-15	6.011578E-15
3833.616	4.034673E-14	1.368404E-15	2.559155E-14	1.267335E-14	2.555680E-15	2.372285E-15
3841.723	1.798876E-14	5.574378E-15	1.581826E-14	1.109384E-14	8.984808E-15	4.256610E-15
3849.836	4.026611E-15	1.684002E-14	1.219068E-14	2.985699E-15	1.006905E-14	1.359624E-14
3857.848	3.075783E-14	6.408728E-16	1.737307E-14	8.082950E-15	7.675864E-16	9.031788E-15
3865.960	5.673129E-14	2.681183E-14	1.541711E-16	1.032953E-14	9.651623E-15	2.306284E-15
3874.069	4.298277E-14	3.927862E-15	1.682788E-16	7.358947E-15	1.836814E-14	5.259106E-15
3882.179	3.738017E-14	2.333540E-14	1.823462E-14	1.267687E-14	1.356714E-14	4.318330E-15
3890.286	2.651356E-14	2.824674E-14	1.067516E-14	9.721910E-15	1.050360E-14	9.154222E-15
3898.395	3.264820E-15	1.377472E-14	4.566717E-15	4.966762E-15	9.056337E-16	8.165955E-15
3906.502	3.706981E-14	5.767848E-15	1.351270E-15	6.381011E-15	6.599673E-15	8.423540E-15
3914.619	6.134638E-15	1.623140E-14	1.060765E-14	2.184155E-14	4.308506E-15	1.357079E-14
3922.624	1.673523E-14	5.794049E-15	1.026101E-14	1.530485E-14	3.865891E-15	4.820773E-15
3930.728	5.667084E-15	1.892992E-14	1.374852E-14	2.973102E-15	5.380906E-15	5.981098E-15
3938.834	2.766230E-14	9.256371E-15	1.263808E-14	1.037286E-14	7.899051E-15	6.097606E-15
3946.939	5.513919E-15	1.306734E-14	1.943777E-14	5.980970E-15	1.007308E-14	1.598907E-15
3955.045	4.358334E-14	4.951645E-15	1.830617E-14	3.375663E-15	8.753547E-15	1.468740E-14
3963.150	3.016130E-14	4.494152E-16	1.166669E-14	1.495116E-14	1.339735E-14	4.680335E-15
3971.256	2.743658E-14	2.299885E-14	2.139262E-15	4.247288E-15	4.403226E-15	5.012356E-15
3979.361	9.943597E-15	4.478043E-15	8.726340E-15	1.143342E-14	5.441117E-15	6.249387E-15
3987.467	1.357520E-14	1.805929E-14	4.191865E-16	1.208739E-14	6.309217E-15	6.483540E-15
3995.575	7.061686E-15	4.002226E-14	1.850770E-14	2.241543E-15	9.124365E-15	4.005199E-15
4003.681	2.007260E-15	3.358532E-14	1.659214E-14	4.211516E-15	6.320557E-16	6.951091E-15
4011.787	3.988724E-14	6.459104E-15	2.096538E-14	8.384240E-15	4.580072E-15	2.023634E-15
4019.793	4.624356E-14	9.457902E-15	1.760080E-14	1.853088E-14	1.261516E-14	7.558840E-15
4027.901	2.848858E-14	1.791419E-14	2.459901E-14	1.936270E-14	6.736718E-15	5.431543E-15
4036.006	4.863373E-14	7.285388E-15	3.024996E-15	3.924840E-16	4.766486E-15	1.194607E-14
4044.109	1.783559E-14	1.646518E-15	2.108933E-14	3.002829E-15	1.545449E-14	4.337348E-15
4052.218	1.230958E-14	8.246693E-15	2.032453E-15	1.677906E-14	4.381053E-15	6.064231E-15
4060.325	1.534062E-14	5.610654E-15	1.066105E-15	8.761596E-16	1.400472E-14	1.322920E-14
4068.434	3.061676E-14	1.550387E-14	2.835759E-14	7.874843E-16	1.365229E-14	2.605684E-15
4076.545	1.195892E-14	1.399439E-14	2.226023E-14	1.756856E-14	1.024035E-14	7.332871E-15
4084.652	4.812588E-15	7.138267E-15	1.567618E-14	6.437943E-15	7.478101E-15	7.263346E-15
4092.758	3.237009E-14	2.213024E-14	1.347746E-14	3.231870E-14	6.862422E-15	1.773488E-16
4100.768	1.935111E-14	2.116490E-14	1.524590E-15	2.284366E-15	6.542244E-16	3.027517E-15
4108.878	2.473605E-14	1.261188E-14	7.652174E-15	2.175438E-14	8.691829E-15	5.053169E-15
4116.984	3.771472E-14	1.434909E-15	1.257460E-14	5.164259E-16	1.015596E-14	9.409661E-15
4125.092	3.059260E-15	3.228543E-15	9.077008E-15	1.861502E-14	5.055685E-15	8.782518E-15
4133.203	6.803724E-15	2.083842E-14	1.511087E-14	9.847866E-15	4.877079E-16	6.109448E-15
4141.311	1.584445E-14	1.017133E-14	1.678964E-14	1.283155E-14	1.685317E-16	1.679895E-15
4149.425	1.611048E-14	2.406293E-14	9.891195E-15	1.263607E-15	2.000232E-14	6.407085E-15
4157.532	9.443794E-15	1.802302E-14	9.209010E-15	3.124256E-15	1.400951E-14	6.480769E-15
4165.640	6.290624E-14	7.099977E-15	3.759380E-14	4.411539E-15	1.332555E-14	3.157000E-15
4173.652	3.645716E-14	2.913550E-14	4.232164E-16	1.440904E-14	1.192843E-14	1.016188E-14
4181.761	3.515123E-14	8.742461E-15	3.630602E-15	1.679216E-14	1.908937E-14	2.957485E-16
4189.868	5.973411E-15	4.856938E-16	1.372432E-15	1.811119E-14	8.535641E-15	9.415957E-15
4197.975	1.205968E-14	1.723100E-15	5.247896E-15	1.228540E-14	1.214484E-15	3.867275E-15
4206.080	2.374452E-14	2.590292E-14	2.365282E-14	5.750216E-15	5.731073E-16	5.540369E-15
4214.188	1.207177E-14	9.310784E-15	2.598353E-14	8.046157E-16	2.622688E-15	3.449475E-15
4222.291	1.158406E-14	5.047371E-14	7.430486E-15	7.245583E-15	2.390674E-15	8.865646E-15
4230.404	9.391398E-15	3.686627E-14	4.181791E-15	1.491539E-14	3.137855E-15	1.291607E-14
4238.512	4.523590E-14	2.768648E-14	1.155988E-14	3.697610E-15	3.005094E-15	8.810481E-15
4246.624	2.227333E-14	3.313187E-15	8.631621E-15	1.111651E-14	4.020062E-15	3.450733E-15
4254.636	2.548575E-14	1.993556E-14	5.170306E-15	3.592816E-15	1.324520E-14	3.414584E-15
4262.753	7.085871E-15	1.332127E-15	4.931491E-15	3.958091E-15	5.607882E-15	3.686903E-15
4270.862	1.623946E-14	4.645315E-15	6.811785E-15	2.082381E-14	8.131317E-15	7.790225E-15
4278.971	3.532858E-14	2.637451E-14	7.562492E-15	9.487126E-16	5.201543E-15	5.099895E-15
4287.076	3.917785E-14	1.801093E-14	2.538297E-14	6.205678E-15	7.698272E-15	4.710061E-15
4295.180	8.053223E-15	1.067314E-14	2.052202E-14	5.189447E-16	8.513977E-15	2.274164E-15
4303.286	1.006048E-14	1.795651E-14	6.967972E-15	6.439455E-15	1.304694E-14	5.135792E-15
4311.396	8.608647E-14	1.550185E-14	2.015314E-16	7.073776E-15	7.162199E-15	1.732420E-15
4319.503	2.445794E-14	2.119312E-14	1.531342E-14	6.826900E-15	3.980511E-15	3.228039E-15
4327.505	2.219272E-14	2.041722E-14	2.976630E-15	7.812897E-15	1.395484E-14	3.619390E-15
4335.614	4.764622E-14	2.190653E-15	9.958710E-15	8.124262E-15	9.560432E-15	4.365186E-15
4343.728	4.042735E-15	2.902063E-16	1.840190E-14	4.146515E-16	6.519817E-15	4.111759E-15
4351.834	1.981464E-14	2.165463E-14	5.565308E-15	9.918403E-15	1.639714E-15	2.344953E-15
4359.943	8.605422E-15	9.469994E-15	7.097962E-15	8.131820E-16	7.126932E-15	3.738293E-15
4368.050	1.652563E-14	3.018951E-15	1.708994E-15	9.838294E-15	6.525863E-15	5.046868E-15
4376.159	2.598152E-14	4.275706E-14	1.673019E-14	6.043951E-15	3.230813E-15	3.780491E-15
4384.265	4.997997E-14	4.622542E-14	1.226525E-14	3.945493E-15	7.391696E-15	1.069531E-14
4392.373	1.600971E-14	4.947614E-15	3.051195E-15	8.565101E-17	4.563695E-15	7.313850E-15
4400.382	2.917782E-14	1.418182E-14	1.081321E-14	2.505145E-14	1.145207E-15	3.840951E-15
4408.490	7.819457E-16	2.230759E-14	8.284985E-15	1.170549E-14	3.866898E-16	9.005970E-16
4416.596	5.102793E-15	5.385543E-14	6.715049E-15	4.811578E-16	1.498366E-14	5.639373E-15
4424.704	6.741652E-14	4.957694E-16	2.087870E-15	7.901571E-15	6.045940E-17	1.450591E-14
4432.812	7.138268E-15	1.090893E-14	1.461914E-14	9.387869E-15	3.317974E-15	7.044931E-15
4440.926	2.800087E-14	3.980260E-15	2.642388E-14	1.064593E-15	6.372194E-15	4.139092E-15
4449.032	1.455868E-14	9.893213E-15	1.385131E-14	1.963981E-14	9.184575E-15	8.520272E-15
4457.151	1.082631E-14	2.530437E-14	4.156601E-15	8.533373E-15	6.659880E-15	5.708524E-15
4465.255	1.124552E-15	1.416771E-14	7.194698E-15	2.782151E-15	7.687945E-15	5.498427E-15
4473.260	7.959713E-14	2.491138E-14	1.336460E-14	2.366642E-14	4.051298E-15	1.184908E-14
4481.374	7.424444E-15	1.936724E-14	1.330113E-15	1.838476E-15	1.378505E-14	6.921363E-16
4489.484	1.002018E-14	2.221892E-14	1.352281E-15	1.955013E-14	7.190415E-15	6.077828E-15
4497.589	7.103604E-14	2.543339E-15	1.396617E-14	2.102988E-14	7.394970E-15	2.802431E-15
4505.698	2.571549E-15	1.568726E-14	2.268647E-14	1.314846E-14	2.061321E-14	6.538836E-15
4513.809	1.137850E-14	6.527626E-15	4.630199E-15	4.324376E-15	1.141678E-15	1.023908E-15
4521.915	2.048372E-14	2.945392E-14	3.065001E-14	4.794954E-15	8.317987E-15	1.960907E-15
4530.026	1.772273E-14	3.734391E-15	9.084060E-15	2.417932E-14	7.953211E-15	8.678350E-15
4538.135	7.049596E-15	2.592308E-14	1.489121E-14	1.635433E-15	5.444894E-15	5.006814E-15
4546.148	2.206373E-14	8.766637E-16	6.121538E-15	4.624659E-15	1.197957E-14	1.006250E-14
4554.256	3.027416E-14	7.658256E-17	3.686728E-14	7.326197E-15	2.856214E-15	1.871604E-15
4562.363	3.565103E-14	4.665468E-15	2.579610E-15	1.295348E-15	7.751680E-15	3.022605E-15
4570.481	1.154779E-14	4.393803E-14	2.779128E-14	7.017347E-15	1.003781E-14	1.124247E-14
4578.593	5.360754E-14	5.376877E-15	1.991742E-14	2.830971E-14	1.169390E-14	8.211048E-15
4586.700	3.592915E-14	3.539912E-14	4.103195E-15	2.196195E-15	1.942267E-15	2.332735E-15
4594.808	2.978242E-14	1.702745E-14	1.495772E-14	6.021276E-15	2.068233E-16	8.160664E-15
4602.916	2.276910E-14	2.051598E-15	1.704357E-14	1.295197E-14	1.115203E-14	2.979779E-15
4610.929	3.648537E-14	2.220884E-14	1.449721E-14	1.889414E-14	4.584984E-17	8.560078E-15
4619.037	1.127371E-14	1.183397E-14	4.238223E-15	2.442771E-14	2.819435E-15	7.347122E-16
4627.149	2.274491E-14	4.887758E-14	1.422313E-14	2.174027E-15	2.998294E-15	1.275736E-14
4635.255	8.206387E-15	5.646929E-15	4.438742E-15	3.050189E-15	8.569144E-15	7.812641E-15
4643.360	4.519962E-14	1.931685E-14	8.697118E-15	1.539704E-15	1.581876E-14	5.608390E-15
4651.465	4.366798E-14	2.125559E-14	3.197306E-15	1.552352E-14	9.606030E-15	9.553001E-15
4659.574	2.829511E-15	5.263011E-14	1.491342E-16	2.268596E-14	7.024402E-15	8.918551E-15
4667.686	1.126162E-14	2.377877E-14	2.317619E-15	4.458895E-16	8.130059E-15	9.410289E-15
4675.792	2.336160E-14	6.970996E-15	2.131101E-14	5.488727E-15	7.419656E-15	1.741615E-15
4683.800	3.104804E-14	6.432902E-15	1.105504E-14	1.549278E-15	2.129967E-14	4.487112E-15
4691.907	2.686020E-14	7.303525E-15	2.552405E-14	9.085572E-15	2.429973E-15	9.964501E-15
4700.017	1.615884E-14	4.925444E-15	3.717261E-15	2.213327E-14	2.151103E-15	7.005383E-15
4708.127	2.440554E-14	1.216045E-14	8.319245E-15	1.292375E-14	4.764472E-15	8.603409E-15
4716.234	2.492549E-14	2.174128E-14	6.547777E-15	4.607528E-15	4.511043E-15	1.106348E-14
4724.339	3.991142E-14	7.420415E-15	7.782162E-15	7.038509E-15	1.446094E-14	1.846790E-15
4732.450	4.738826E-14	1.125758E-14	1.148229E-14	2.171206E-14	5.025698E-16	1.275270E-14
4740.560	3.351883E-14	1.525598E-14	3.467361E-15	2.178058E-15	1.118755E-15	8.536903E-15
4748.673	4.659424E-15	6.392599E-15	1.840391E-14	2.613871E-15	1.131326E-14	6.880056E-15
4756.680	6.839193E-14	1.359133E-14	7.260196E-15	1.012447E-14	1.365909E-14	2.165714E-15
4764.793	3.250310E-14	3.054018E-14	4.459201E-14	8.462338E-15	1.707758E-14	9.177144E-15
4772.905	2.796863E-14	4.331932E-14	9.311791E-15	1.584043E-15	7.539821E-15	8.572040E-15
4781.020	4.731169E-14	3.878486E-14	3.108632E-15	9.673533E-16	5.482178E-15	6.015736E-15
4789.128	2.091500E-14	2.498998E-15	1.015723E-15	1.221486E-14	4.861711E-15	8.696235E-15
4797.234	9.072977E-15	2.368808E-14	9.152581E-15	2.073261E-15	9.219084E-15	6.818211E-15
4805.342	1.320841E-14	4.208595E-14	4.359139E-15	8.662857E-15	1.415839E-14	6.724875E-16
4813.453	1.370419E-14	4.460309E-14	1.255545E-15	4.812585E-15	1.832681E-15	7.287780E-15
4821.461	1.590895E-14	1.008668E-14	1.078096E-14	1.045801E-14	1.200879E-15	9.944477E-15
4829.567	3.023003E-16	2.593517E-14	4.583847E-15	3.073360E-17	1.546608E-14	5.929958E-15
4837.679	2.110444E-14	2.245067E-15	9.476040E-15	1.030635E-14	1.586663E-14	1.999702E-15
4845.789	5.367204E-14	1.437730E-14	7.578616E-15	3.298072E-15	1.175360E-14	7.608468E-15
4853.898	4.247491E-14	2.461312E-14	3.824374E-14	1.435211E-14	4.938544E-15	1.092102E-14
4862.009	2.553815E-14	1.830718E-14	1.508065E-14	2.561977E-15	4.910330E-15	6.243466E-15
4870.119	1.738416E-14	4.063895E-14	4.157607E-15	6.030850E-15	1.128882E-14	8.295693E-15
4878.229	8.935934E-15	7.738833E-16	8.946011E-15	1.102482E-14	1.157298E-15	5.784982E-15
4886.336	4.209199E-14	3.868208E-14	2.789205E-15	3.823569E-15	4.902521E-15	6.476610E-15
4894.348	3.131811E-15	1.026403E-14	6.704973E-15	5.823774E-15	1.334823E-14	6.966332E-15
4902.466	4.081832E-14	4.109239E-15	8.413941E-16	1.073209E-14	2.962776E-15	1.059189E-14
4910.571	6.035484E-14	8.182205E-16	7.680388E-15	2.590192E-15	8.359804E-15	2.333489E-15
4918.678	4.191869E-15	6.475227E-15	4.179776E-15	6.834962E-15	3.479957E-15	8.081438E-16
4926.787	2.660224E-14	6.973012E-15	7.899051E-15	7.401251E-16	6.456611E-16	7.485157E-15
4934.891	8.544945E-16	8.863382E-15	4.115287E-15	6.303421E-15	6.116514E-16	8.163937E-15
4942.996	1.754538E-14	2.629188E-14	5.953258E-15	4.062384E-15	1.166090E-14	6.496640E-15
4951.106	1.841601E-14	1.624351E-15	2.495976E-14	1.031240E-14	2.651659E-15	1.646392E-15
4959.215	7.587281E-14	4.374657E-14	1.043433E-14	2.043133E-14	1.121148E-14	9.401980E-15
4967.222	1.996377E-14	4.770265E-14	1.700125E-14	2.189596E-14	1.442794E-14	1.579003E-15
4975.328	5.315208E-14	2.099964E-15	1.857723E-14	5.733085E-15	2.350619E-15	9.303727E-15
4983.438	1.706574E-14	2.278320E-14	3.517038E-14	1.047312E-14	4.302458E-15	6.553573E-15
4991.545	7.956486E-15	1.245066E-14	5.527018E-15	1.401655E-15	4.631457E-15	1.131880E-14
4999.656	1.646114E-14	3.178162E-14	5.733578E-16	1.025345E-14	1.547766E-15	1.126099E-14
5007.760	1.592104E-14	2.021770E-14	3.545956E-15	1.522374E-14	1.354926E-14	2.938464E-15
5015.872	4.131409E-15	4.111255E-16	3.380702E-15	1.562378E-14	1.041996E-14	5.557627E-15
5023.979	1.158003E-14	1.670298E-14	1.623442E-14	6.237920E-15	5.601586E-15	5.953762E-15
5032.089	4.236204E-15	3.298073E-14	1.517436E-14	1.199368E-14	8.306905E-15	7.065842E-15
5040.098	2.396217E-14	8.867350E-17	8.838191E-15	3.795858E-15	5.630807E-15	2.642590E-15
5048.208	4.746887E-14	1.091297E-14	8.565114E-15	1.915060E-15	4.147027E-15	1.736830E-15
5056.319	3.182595E-14	1.278318E-14	1.515119E-14	1.211460E-14	3.864881E-15	5.368817E-15
5064.431	4.368813E-14	2.078401E-14	8.250724E-15	2.428311E-14	1.120141E-14	5.670861E-15
5072.536	9.185834E-15	1.125960E-14	2.271266E-15	2.122033E-14	1.785625E-14	2.888333E-15
5080.640	2.434508E-14	4.459099E-14	5.582439E-15	6.313497E-15	3.650502E-15	3.128787E-15
5088.750	6.399451E-14	4.091706E-14	1.789505E-14	9.662458E-15	5.180131E-15	2.364853E-15
5096.865	1.320438E-14	1.052602E-14	1.353994E-14	7.733293E-15	1.714031E-14	7.021000E-15
5104.974	9.153589E-15	2.881909E-15	6.296873E-15	2.298979E-15	3.788549E-15	1.023178E-14
5112.987	7.059670E-14	3.201136E-14	7.960365E-17	1.500659E-14	1.174630E-14	4.874936E-15
5121.093	4.395012E-14	8.494578E-15	2.292932E-14	1.106966E-14	9.114795E-15	1.485053E-14
5129.197	9.879104E-15	7.932304E-15	3.197408E-14	1.883670E-14	3.940712E-15	1.070072E-14
5137.307	1.988719E-14	5.719481E-15	3.144907E-15	2.923727E-15	6.806747E-15	1.295562E-14
5145.415	1.596537E-14	7.049593E-15	1.471185E-14	1.487357E-14	1.683800E-15	8.366857E-15
5153.526	1.434506E-14	1.753329E-15	5.872646E-15	8.781260E-15	1.304417E-14	4.298050E-15
5161.638	1.634022E-14	3.171108E-14	1.042525E-14	5.882722E-15	1.803965E-15	4.800621E-15
5169.743	4.964945E-14	3.133824E-14	5.827300E-15	1.621981E-14	1.651302E-15	4.033288E-15
5177.850	2.413549E-14	2.815001E-14	1.413748E-15	2.989225E-15	1.184178E-14	5.750967E-15
5185.855	5.710614E-14	9.935535E-15	2.755952E-15	1.117497E-15	9.941828E-15	3.482853E-15
5193.962	4.169700E-14	1.191861E-14	3.169093E-15	1.611098E-14	4.526664E-15	5.998476E-15
5202.065	3.528827E-14	2.888761E-14	1.029628E-14	3.189244E-15	8.590293E-16	9.233318E-15
5210.175	2.486503E-14	9.742063E-15	1.521551E-16	8.215960E-15	9.874066E-15	3.792332E-15
5218.285	9.524408E-15	2.092306E-14	1.021062E-14	6.698929E-15	5.017397E-15	1.538093E-14
5226.391	1.030232E-14	1.029224E-14	6.768456E-15	2.946400E-15	1.742522E-14	6.480139E-15
5234.506	7.974625E-14	2.910728E-14	4.515325E-15	5.146626E-15	6.381515E-15	9.754148E-16
5242.615	4.806944E-14	1.638255E-14	2.804924E-14	5.059968E-15	7.390938E-15	4.635239E-16
5250.723	1.072151E-15	5.364786E-15	3.409925E-15	1.528016E-14	1.323562E-14	2.070366E-15
5258.828	2.528825E-14	2.277112E-14	1.898836E-14	1.771165E-14	1.187275E-15	7.460595E-15
5266.833	2.289406E-15	1.350265E-14	1.072554E-14	1.056381E-14	5.681441E-15	9.658416E-16
5274.942	6.023795E-14	6.166881E-15	3.930883E-15	1.469068E-14	5.777423E-15	3.798754E-15
5283.052	1.661431E-14	1.578802E-14	3.853093E-14	1.348653E-14	1.011943E-14	8.098319E-15
5291.160	6.513519E-15	1.538295E-14	3.527819E-15	1.595933E-14	7.079319E-15	1.278092E-15
5299.269	2.300288E-14	1.266629E-14	3.083240E-14	5.407104E-15	1.300888E-15	2.264591E-15
5307.375	1.192667E-14	1.194682E-14	6.079219E-15	2.010281E-16	1.723049E-14	7.163205E-16
5315.483	3.098758E-14	3.137250E-14	6.297881E-16	6.407207E-15	7.812140E-15	1.062225E-14
5323.592	1.907300E-14	1.829912E-14	9.847867E-15	1.068523E-14	6.609751E-15	6.380885E-15
5331.698	5.217264E-14	1.556433E-14	3.403879E-15	2.051748E-14	3.029783E-15	1.149438E-14
5339.805	4.656198E-14	2.919394E-14	1.396214E-14	1.345882E-14	1.804317E-14	5.122818E-15
5347.817	2.374048E-14	1.177955E-14	4.108232E-15	2.853695E-15	5.558004E-15	6.744147E-15
5355.923	1.142284E-14	2.411332E-14	7.086878E-15	7.365496E-15	1.056532E-14	2.076411E-15
5364.034	1.548976E-14	1.065299E-14	1.070841E-14	1.329205E-14	8.568894E-15	4.956052E-15
5372.139	1.737207E-14	9.814626E-16	9.428679E-15	1.312830E-14	3.541171E-15	8.415601E-15
5380.253	1.006854E-14	4.024596E-15	1.599056E-14	8.608949E-15	9.687901E-15	5.768228E-15
5388.359	3.121732E-14	3.478848E-14	1.519854E-14	1.728339E-14	4.294396E-15	1.188410E-15
5396.473	9.701757E-15	2.442771E-14	6.479246E-16	1.336208E-14	6.675249E-15	4.581833E-15
5404.576	2.183802E-14	2.780337E-14	1.318927E-14	1.582036E-16	1.178736E-14	7.336647E-15
5412.682	3.033864E-14	1.117496E-14	5.958298E-15	1.113667E-14	1.990130E-15	1.051116E-15
5420.697	3.925040E-14	3.460306E-14	1.123743E-14	1.184152E-14	8.236617E-15	1.127547E-14
5428.804	2.522779E-14	1.608629E-14	1.690452E-14	2.194433E-14	5.573876E-15	3.619013E-15
5436.908	1.422817E-15	2.152968E-14	9.810585E-15	8.457294E-15	2.262198E-15	3.190254E-15
5445.016	3.010890E-15	6.809770E-15	1.215238E-15	1.487307E-15	7.314860E-15	5.377885E-15
5453.126	3.488521E-14	4.347046E-15	6.153782E-15	1.061621E-14	6.263367E-15	1.656341E-15
5461.233	7.607435E-14	1.399640E-14	2.178663E-14	2.355910E-15	4.234190E-15	7.243316E-15
5469.343	1.719875E-14	1.162236E-14	1.082429E-14	9.330433E-15	1.826234E-14	1.495570E-14
5477.450	1.150748E-14	1.936522E-14	1.160120E-14	3.435618E-15	7.102496E-15	1.232747E-15
5485.557	4.449829E-14	3.639066E-14	1.813184E-14	1.422313E-14	5.446659E-15	4.102062E-15
5493.565	4.693683E-14	5.054424E-15	5.903884E-15	3.121229E-15	4.370979E-15	1.399086E-14
5501.671	4.627177E-14	2.164455E-15	2.453351E-14	2.118101E-15	6.131614E-15	8.054362E-15
5509.777	5.554225E-15	2.881909E-15	4.623146E-15	1.069934E-14	2.758973E-15	4.642041E-15
5517.882	2.554621E-14	3.673930E-15	2.008973E-14	2.143143E-14	6.392597E-15	3.217713E-15
5525.991	4.711821E-14	4.714240E-14	1.476122E-14	1.024841E-14	2.076284E-15	5.419324E-15
5534.098	1.751314E-14	1.157802E-14	1.183800E-14	7.008274E-16	1.756982E-14	2.143294E-15
5542.202	1.043130E-14	2.743054E-14	6.681798E-15	7.718699E-16	1.331548E-14	2.765272E-15
5550.314	1.129789E-14	1.679770E-14	3.716856E-14	1.586058E-15	1.553409E-14	3.038350E-15
5558.423	1.070942E-14	1.598956E-14	1.689848E-15	2.098856E-14	3.803832E-17	9.980503E-15
5566.533	1.596134E-14	7.420412E-15	2.055426E-14	9.045264E-15	1.303409E-14	4.813594E-15
5574.541	1.406694E-15	4.146725E-14	5.184413E-15	1.397626E-15	1.161102E-14	5.062489E-15
5582.649	2.456677E-14	1.632209E-14	9.325899E-15	4.568231E-15	1.484233E-14	7.844886E-15
5590.753	1.136641E-15	1.058042E-15	2.910124E-15	7.098957E-16	4.034926E-15	8.978133E-15
5598.861	1.253127E-14	2.158006E-14	1.574369E-14	6.683811E-15	4.350071E-15	6.557098E-15
5606.971	3.276911E-15	4.170103E-14	1.232167E-14	6.384536E-15	5.252683E-15	6.791378E-15
5615.075	4.574780E-15	5.360754E-15	1.347444E-14	2.360596E-14	9.402474E-15	1.093740E-14
5623.185	4.323670E-14	1.465138E-14	1.214231E-15	1.166266E-14	1.508493E-14	2.529857E-15
5631.291	3.750513E-14	8.968179E-15	1.252925E-14	1.287538E-14	1.012875E-14	6.614788E-15
5639.398	1.789605E-14	3.428061E-14	7.426457E-16	2.194232E-14	4.148035E-15	5.143857E-15
5647.505	3.679977E-15	2.811172E-14	1.293837E-15	7.611868E-15	5.990290E-15	6.458725E-15
5655.610	4.322864E-14	4.111255E-14	9.804536E-16	1.455062E-15	4.757668E-15	9.703640E-15
5663.619	2.081827E-14	1.274892E-14	3.137049E-14	7.977145E-15	1.316131E-14	4.096267E-15
5671.735	4.687633E-15	1.386743E-14	1.058346E-14	8.959614E-15	7.935825E-15	2.452646E-15
5679.844	5.441367E-14	3.219879E-14	1.812277E-14	1.072050E-14	2.165716E-15	5.215274E-15
5687.951	7.634038E-15	1.154981E-14	8.990349E-15	1.134777E-14	1.002924E-14	1.599283E-15
5696.057	4.378486E-14	1.660625E-15	4.508273E-15	1.080313E-14	9.495185E-15	3.933655E-15
5704.170	3.462321E-14	4.824678E-15	2.590695E-14	1.715593E-14	1.531619E-14	1.314052E-14
5712.277	3.483281E-14	7.769063E-15	3.317219E-15	1.576837E-14	2.680881E-15	9.792827E-15
5720.381	3.579210E-14	1.540109E-14	2.762000E-15	9.802522E-15	2.625460E-15	5.775027E-15
5728.488	2.906093E-15	7.599776E-15	1.112961E-14	9.785897E-15	1.050637E-14	4.215549E-15
5736.498	3.653778E-14	1.412538E-14	1.058144E-14	8.503650E-15	8.066319E-16	7.835569E-15
5744.608	2.319231E-14	7.013318E-15	9.203974E-15	2.921561E-14	2.657957E-15	8.260424E-15
5752.718	1.500608E-14	1.956877E-14	2.268246E-15	1.476626E-14	6.776771E-15	7.142427E-15
5760.828	3.090293E-14	1.798271E-14	2.719678E-15	1.607773E-14	1.129411E-14	5.155696E-15
5768.936	2.613468E-14	1.111047E-14	6.086271E-15	3.461817E-15	5.360000E-15	9.739668E-15
5777.041	1.322857E-14	2.433903E-14	1.160825E-14	1.142889E-14	7.952970E-16	8.541814E-15
5785.150	3.587674E-14	3.086868E-14	2.557846E-14	3.521773E-15	5.683708E-15	8.271384E-15
5793.259	2.697306E-14	1.418786E-15	2.004237E-14	8.405401E-15	8.365597E-15	1.326170E-14
5801.368	2.434911E-14	2.991744E-14	5.952251E-15	8.832648E-15	3.235093E-15	3.035200E-15
5809.376	7.167287E-14	5.819845E-14	3.130801E-15	3.071347E-15	1.609562E-14	3.766886E-15
5817.485	3.393799E-15	3.416171E-14	1.344219E-14	3.776210E-15	1.229749E-14	5.321205E-15
5825.594	1.741640E-14	2.440553E-15	1.112256E-14	4.720386E-15	8.319748E-15	7.295208E-15
5833.705	1.230555E-14	3.176347E-14	1.732068E-14	1.230354E-15	1.052678E-14	7.721200E-15
5841.820	3.618711E-14	1.210603E-14	2.580417E-14	3.263308E-15	1.010709E-14	4.569993E-15
5849.926	7.101589E-14	3.821452E-14	2.547567E-14	1.574721E-14	1.566131E-14	5.920507E-15
5858.036	3.989530E-14	5.201141E-14	1.074065E-14	9.631725E-15	4.436227E-15	5.615182E-16
5866.141	3.411536E-14	8.655804E-15	2.917379E-14	1.408911E-14	1.605707E-15	1.228238E-14
5874.155	1.996780E-14	7.841615E-15	8.665883E-15	1.060664E-14	9.604773E-15	7.358567E-15
5882.269	2.960104E-14	8.706169E-16	2.149743E-14	6.083248E-15	6.745032E-15	8.048692E-15
5890.381	3.418388E-14	6.342821E-14	6.730165E-15	3.782251E-15	6.442732E-15	1.377081E-14
5898.490	1.856514E-14	2.109437E-14	2.297478E-16	2.492953E-15	5.182904E-15	2.263455E-16
5906.599	1.475214E-15	3.509278E-14	1.330213E-14	3.311174E-15	6.023292E-15	7.031581E-15
5914.710	2.630398E-14	3.216654E-14	1.111752E-14	3.682991E-16	2.525197E-15	1.299631E-15
5922.814	7.196309E-14	2.387148E-14	4.289612E-15	2.390624E-14	1.418272E-16	6.223186E-15
5930.921	2.527214E-15	9.167696E-15	1.080313E-14	9.058868E-15	2.009778E-15	3.015551E-15
5939.032	1.334949E-14	1.537488E-14	1.401152E-14	9.458406E-15	6.229861E-15	8.260925E-15
5947.038	2.838378E-14	2.846440E-14	6.102391E-15	1.347998E-14	2.590445E-15	7.623712E-15
5955.148	2.549784E-14	5.993565E-15	2.191057E-14	1.009021E-14	3.627696E-17	8.509567E-15
5963.256	6.735204E-15	1.367194E-14	2.015825E-14	5.683709E-15	7.069747E-15	1.075124E-14
5971.370	6.872247E-15	2.485899E-14	5.815209E-15	6.756867E-15	3.656801E-15	8.258663E-15
5979.477	3.968167E-14	1.116490E-15	6.217272E-16	3.290017E-16	1.106411E-15	6.416154E-15
5987.582	1.572757E-14	1.033860E-14	1.341297E-14	4.036687E-15	5.463283E-15	9.024231E-15
5995.689	1.636037E-14	2.257164E-16	1.187427E-14	3.054723E-15	2.069861E-14	7.893508E-15
6003.803	5.202754E-14	2.755145E-14	6.570954E-15	6.258578E-15	4.250816E-15	8.064939E-15
6011.818	3.986305E-15	1.467154E-14	1.428057E-14	8.046674E-15	4.267442E-16	3.761098E-16
6019.924	7.605822E-15	1.107822E-14	4.915369E-15	1.168332E-14	1.772729E-15	1.405624E-14
6028.035	2.771067E-14	5.030243E-15	8.277929E-15	3.762101E-15	1.119511E-14	1.791872E-15
6036.145	3.256761E-15	1.701334E-14	1.120720E-14	4.911842E-15	1.984838E-15	9.783000E-15
6044.253	2.293435E-15	2.915565E-14	5.093722E-15	3.679876E-14	1.343464E-15	8.546096E-15
6052.360	5.137456E-14	3.164054E-14	2.268446E-14	3.352485E-15	1.108729E-14	9.740302E-15
6060.466	2.894808E-14	1.536683E-14	5.120931E-15	1.890874E-15	1.436697E-14	1.476072E-14
6068.574	1.278923E-14	1.835958E-15	7.881921E-15	4.298176E-15	5.026210E-15	3.369364E-16
6076.681	1.747687E-14	1.540310E-14	4.902269E-15	1.842507E-14	5.107582E-15	3.994120E-16
6084.787	4.158817E-14	5.449630E-14	1.760081E-14	5.035785E-15	2.371152E-14	8.122874E-15
6092.794	2.603795E-14	6.785585E-15	5.260997E-15	1.033356E-14	9.853660E-15	5.843423E-15
6100.901	1.682390E-14	3.337977E-14	1.068523E-14	6.333163E-16	3.872943E-15	6.715808E-15
6109.011	6.368423E-16	3.962121E-15	1.032348E-14	1.937328E-14	1.438083E-14	4.450086E-16
6117.121	1.638456E-14	4.899246E-15	1.755244E-14	9.612074E-15	5.989785E-15	5.084907E-15
6125.233	6.027422E-14	2.567922E-14	1.905385E-14	3.244651E-16	7.244828E-15	9.653009E-15
6133.340	3.977034E-14	3.301096E-14	2.479853E-15	1.345226E-15	8.335368E-15	5.010466E-15
6141.447	5.542133E-14	2.168486E-14	7.365997E-16	1.004335E-14	1.411380E-14	2.622689E-15
6149.556	3.333341E-15	3.007061E-14	1.817921E-14	3.903172E-15	1.320489E-14	3.016809E-15
6157.665	4.046764E-14	1.082228E-14	2.473001E-14	4.533970E-15	1.741742E-15	3.843972E-15
6165.674	4.003234E-14	1.906492E-15	2.038799E-14	7.157919E-15	5.163254E-15	1.584294E-15
6173.778	5.141085E-14	3.619516E-15	4.953658E-15	1.277260E-14	5.377885E-15	1.143657E-14
6181.888	1.322050E-14	3.008876E-15	1.358730E-14	5.875166E-15	3.907960E-15	3.999026E-15
6189.996	1.964535E-14	1.175336E-14	3.484894E-14	1.081725E-15	6.920865E-15	9.663086E-15
6198.105	2.837573E-15	1.605203E-14	2.669998E-14	4.472502E-15	5.951745E-15	7.607460E-15
6206.211	6.529644E-15	3.983283E-14	1.016427E-14	1.736199E-15	1.286027E-14	4.260136E-15
6214.320	2.686020E-14	4.506259E-15	2.284669E-14	6.927668E-16	4.663453E-15	1.665663E-15
6222.425	4.820649E-15	4.022580E-15	1.882209E-14	1.429366E-14	3.953301E-15	5.423103E-15
6230.532	4.593320E-14	1.539302E-14	5.577401E-15	2.623646E-14	5.561278E-15	3.408033E-15
6238.642	1.182993E-14	1.444984E-15	1.290612E-14	5.001020E-15	2.080920E-14	6.704722E-16
6246.650	9.592928E-15	5.264019E-15	1.207883E-14	1.678260E-15	8.822572E-15	1.146219E-16
6254.762	3.617502E-14	3.428867E-14	3.808958E-15	1.457632E-14	3.778724E-16	4.381685E-15
6262.873	5.997598E-15	1.506251E-14	6.254548E-15	2.149441E-14	8.007630E-15	4.329539E-15
6270.978	6.852093E-16	3.149947E-15	1.975216E-14	1.381503E-14	2.245319E-15	5.523114E-15
6279.088	8.770679E-15	6.555839E-15	1.755546E-14	1.043281E-14	4.718118E-15	1.530977E-14
6287.197	1.724712E-14	1.101373E-14	1.617194E-14	2.244815E-14	9.641550E-15	6.309468E-15
6295.304	6.465956E-14	3.718264E-15	3.225018E-14	9.366708E-15	5.511911E-16	3.242651E-15
6303.408	4.357125E-15	6.936736E-15	1.070539E-14	2.806329E-16	1.125859E-14	2.823843E-15
6311.514	2.006050E-14	6.825893E-15	9.324892E-15	1.796911E-14	3.619012E-15	1.095340E-14
6319.617	3.564700E-14	1.179567E-14	1.357319E-15	1.323562E-14	5.850227E-15	6.856124E-15
6327.629	2.004438E-14	2.342005E-14	1.692870E-15	6.316017E-15	4.653879E-15	7.406300E-16
6335.739	3.371633E-14	4.038704E-15	1.537891E-14	3.765628E-15	1.338676E-15	1.023456E-14
6343.847	2.210404E-14	3.413957E-15	1.252320E-14	4.018552E-15	1.337871E-14	5.757269E-15
6351.955	2.519958E-14	4.550394E-14	1.468766E-14	3.122740E-15	5.599318E-15	1.215087E-14
6360.061	2.354298E-14	6.781556E-15	1.038293E-14	1.286077E-14	7.320653E-15	4.591780E-15
6368.172	9.971809E-15	1.370822E-14	7.585670E-15	2.031948E-14	6.156302E-15	4.882369E-15
6376.277	2.770261E-14	2.259578E-14	1.495066E-14	1.050889E-14	1.783560E-15	6.245857E-15
6384.390	6.029840E-15	2.375661E-14	5.844441E-16	1.304165E-14	9.054584E-15	5.613930E-15
6392.499	3.177759E-14	3.706176E-15	2.115180E-14	6.086267E-16	6.977295E-15	5.729557E-15
6400.505	3.090294E-14	5.405294E-14	5.802108E-15	7.527226E-15	4.976583E-15	2.275551E-15
6408.616	1.003630E-15	1.474611E-14	1.099156E-14	5.941672E-15	1.091372E-14	9.428930E-15
6416.721	6.203562E-14	1.293635E-14	1.783660E-14	1.532148E-15	1.427930E-14	4.283943E-15
6424.825	5.112870E-14	5.044752E-14	1.875458E-14	4.882619E-15	7.492208E-15	8.881268E-15
6432.930	2.621127E-14	5.217667E-15	2.020964E-14	1.766429E-15	5.110601E-15	8.617639E-15
6441.041	4.869017E-15	1.239422E-14	2.005144E-14	6.622345E-15	1.799178E-15	1.605568E-14
6449.145	1.194280E-14	3.690658E-14	9.716871E-15	9.863486E-15	6.215755E-15	3.518499E-15
6457.253	3.290213E-14	1.305122E-14	4.975828E-15	5.435320E-15	5.430534E-15	7.913918E-15
6465.363	2.330517E-14	4.602993E-15	7.249112E-15	2.510133E-14	8.238381E-15	7.241049E-15
6473.473	2.399442E-14	2.863973E-14	1.321043E-14	5.101785E-15	4.388111E-15	2.316988E-15
6481.484	1.700528E-14	1.598754E-14	2.891986E-15	1.118403E-14	1.131628E-14	7.654693E-15
6489.589	2.627975E-15	2.914154E-15	2.908310E-14	3.598860E-15	1.163849E-15	9.868147E-15
6497.694	7.813803E-14	3.510690E-14	2.209699E-14	2.472296E-15	4.071958E-15	1.376085E-15
6505.800	2.371227E-14	4.083042E-15	2.604802E-15	1.080715E-15	1.019098E-14	1.011376E-14
6513.912	3.252728E-14	1.562680E-14	3.703656E-14	1.087517E-14	1.012950E-15	4.311653E-15
6522.028	3.433301E-14	2.091701E-14	7.931295E-15	2.445592E-14	2.646368E-15	4.749987E-15
6530.139	1.193473E-14	1.154578E-14	3.939953E-15	1.559506E-14	1.439669E-14	2.755196E-15
6538.245	3.085054E-14	2.920199E-15	1.237105E-14	1.717809E-14	1.403165E-15	5.727417E-15
6546.347	1.919795E-14	9.633234E-16	8.746513E-16	3.048176E-16	3.003333E-15	7.479485E-15
6554.451	4.368008E-14	1.761390E-15	1.887449E-14	1.673926E-14	1.370922E-15	8.637413E-15
6562.470	1.178157E-14	1.911331E-14	1.252018E-14	2.473808E-15	1.151781E-14	9.187092E-15
6570.577	1.220882E-14	4.364178E-14	1.142687E-15	1.291316E-15	9.946869E-15	8.804686E-15
6578.683	6.016540E-14	3.896825E-14	1.199821E-14	9.383839E-15	2.537542E-15	9.992965E-15
6586.789	4.949629E-15	1.197706E-14	2.470280E-14	5.097756E-15	7.627488E-15	3.197558E-15
6594.893	2.311170E-14	1.051393E-14	1.311067E-14	4.041224E-15	6.584055E-15	7.899049E-15
6602.999	4.030239E-14	2.506455E-14	1.665764E-14	1.788094E-15	5.044853E-15	3.577195E-15
6611.106	1.893999E-14	6.831939E-15	1.927856E-14	9.587386E-15	1.918332E-15	1.259476E-14
6619.213	9.351091E-15	1.231966E-14	5.949227E-15	6.432400E-15	4.217563E-15	8.489793E-15
6627.317	3.524394E-14	1.793837E-14	9.623159E-15	3.647732E-16	5.936884E-15	9.899632E-15
6635.424	3.877881E-14	2.623948E-15	5.046363E-15	1.746175E-14	6.140935E-15	7.363855E-15
6643.433	1.273683E-14	4.138664E-14	2.088881E-15	2.545098E-14	2.589688E-15	4.946227E-15
6651.537	4.725929E-14	3.146118E-14	1.212215E-14	1.556836E-15	3.079410E-15	3.417984E-15
6659.645	2.457079E-14	4.247289E-14	4.116294E-15	6.885851E-15	7.933310E-15	5.015883E-15
6667.751	5.867407E-14	1.368403E-14	1.567114E-14	8.332850E-15	5.114633E-15	5.501322E-15
6675.856	1.327291E-14	4.240235E-15	2.691260E-14	1.539202E-15	3.242399E-15	2.502650E-15
6683.968	5.231773E-15	6.126564E-16	1.478036E-14	2.480810E-14	2.778121E-15	7.681773E-15
6692.075	2.667479E-14	1.051393E-14	1.277713E-15	8.212938E-15	1.853768E-14	2.424181E-15
6700.185	6.821459E-14	4.232778E-14	1.791923E-14	1.022524E-14	4.189852E-15	6.136401E-15
6708.291	3.580822E-14	1.351273E-14	2.433501E-15	9.020578E-15	8.519517E-15	1.028885E-14
6716.398	1.149942E-14	7.674346E-15	1.269350E-14	1.319784E-14	1.028671E-14	1.202668E-14
6724.404	7.630409E-14	2.132613E-14	3.042833E-14	1.589685E-14	1.279351E-14	1.421180E-15
6732.510	3.812585E-14	2.416369E-15	8.598367E-15	1.138641E-16	3.991089E-15	1.399061E-14
6740.624	3.994365E-15	7.192683E-15	6.977042E-15	6.708500E-15	1.493227E-14	4.981629E-15
6748.731	4.046362E-14	1.931484E-14	1.037588E-14	5.830323E-15	7.784682E-15	8.233087E-15
6756.839	9.463950E-15	5.465551E-15	6.575994E-15	6.759388E-15	1.890245E-14	7.865548E-15
6764.947	3.801299E-14	1.259374E-14	1.098955E-14	5.846951E-15	2.780638E-15	1.006615E-14
6773.059	1.842004E-15	2.822256E-14	3.486505E-16	6.226841E-15	8.960119E-15	1.015721E-15
6781.163	1.793636E-14	1.191659E-14	9.237225E-15	1.317919E-14	4.806540E-15	4.326769E-15
6789.273	5.228952E-14	1.016730E-14	6.028836E-15	1.480253E-15	1.447529E-14	7.237146E-15
6797.283	7.283371E-15	1.088475E-14	1.014412E-14	8.498106E-15	1.118251E-14	1.219937E-14
6805.391	1.434909E-14	2.707383E-14	6.600176E-15	4.524396E-15	7.486917E-16	5.415717E-18
6813.499	2.716250E-14	9.742063E-15	1.686522E-14	6.013215E-15	7.047075E-15	1.646264E-15
6821.604	5.454669E-14	9.332950E-15	1.617799E-14	5.800097E-15	1.619864E-14	5.036288E-15
6829.711	2.730760E-14	2.678966E-14	2.257260E-14	1.460252E-14	1.324494E-14	1.061306E-14
6837.828	2.442570E-15	1.210603E-14	1.597444E-14	5.542114E-16	1.210956E-15	6.142069E-15
6845.939	3.585256E-14	2.396016E-14	3.629596E-15	1.064745E-14	6.629148E-15	8.862628E-15
6854.050	4.407104E-14	1.055827E-14	1.136639E-15	5.531553E-15	5.290722E-15	1.219975E-14
6862.155	6.684417E-14	1.993154E-15	2.441562E-14	6.960415E-15	2.293183E-15	1.070488E-14
6870.165	1.132609E-15	2.515524E-14	4.162646E-15	1.260886E-14	5.947714E-16	1.134802E-14
6878.274	9.347059E-15	2.115483E-14	2.617701E-14	6.695914E-16	9.680092E-15	7.860386E-15
6886.385	8.625625E-16	6.491348E-15	9.906312E-15	2.139213E-14	3.428568E-16	4.156474E-15
6894.492	2.288599E-14	2.668285E-15	6.133630E-15	1.166369E-15	8.822069E-15	5.639371E-15
6902.597	5.282560E-14	1.944786E-15	1.403671E-14	1.239674E-14	7.548890E-15	3.004844E-15
6910.704	1.276504E-14	1.779125E-14	3.379896E-14	3.938945E-15	6.674491E-15	2.378080E-15
6918.818	5.844430E-15	3.142087E-14	9.076000E-15	8.509686E-16	5.132519E-15	4.344276E-15
6926.928	4.810572E-14	2.468768E-14	1.110039E-14	5.383930E-15	6.122294E-15	1.106121E-14
6935.041	2.680377E-14	6.449103E-17	2.316310E-14	1.724610E-15	7.605320E-15	5.141338E-15
6943.047	2.329711E-15	2.254540E-14	2.192166E-14	1.134173E-14	3.679220E-15	1.615317E-14
6951.157	1.167677E-14	2.603795E-14	5.746690E-15	1.016226E-14	3.280187E-15	6.090426E-15
6959.263	1.531644E-14	2.987310E-14	1.407601E-14	5.297775E-15	4.865993E-15	1.049743E-14
6967.374	3.081426E-14	7.914167E-15	6.015728E-16	2.266278E-14	5.561784E-15	6.704971E-15
6975.482	1.686824E-14	2.631808E-14	6.527625E-15	2.358933E-15	6.903231E-15	1.069115E-14
6983.590	8.424043E-15	4.171720E-16	5.380902E-16	3.144909E-15	4.312535E-15	3.321501E-15
6991.698	6.525610E-15	2.466753E-15	1.626465E-14	7.711627E-15	1.222292E-14	1.439002E-14
6999.802	4.954868E-14	9.951657E-15	7.774101E-15	7.220895E-15	1.206799E-14	1.035459E-14
7007.907	4.304726E-14	3.662242E-14	3.212421E-15	1.109434E-14	2.077796E-15	1.658106E-15
7016.018	3.780743E-15	1.730153E-14	6.199128E-15	4.720884E-16	3.990840E-15	7.631268E-15
7024.025	1.569532E-14	8.093531E-15	1.760685E-14	1.437680E-14	4.954668E-15	6.668444E-15
7032.140	5.240238E-14	2.452041E-14	3.207485E-14	1.805225E-15	3.508673E-15	1.203764E-14
7040.250	6.037903E-15	1.817417E-14	2.470683E-14	1.598402E-14	9.611822E-15	3.572145E-16
7048.364	2.457885E-14	3.447006E-14	9.814614E-16	3.078907E-15	6.590353E-15	2.346338E-15
7056.477	1.978643E-14	8.700142E-15	1.583841E-14	1.153519E-14	2.647124E-15	1.399564E-14
7064.586	4.119316E-14	1.280938E-14	1.228741E-14	8.006869E-15	3.976984E-15	5.850856E-15
7072.694	1.347041E-14	1.381704E-14	1.436420E-14	1.056079E-14	6.183259E-15	1.176192E-14
7080.708	3.478444E-14	4.581631E-14	8.513726E-15	1.494663E-14	5.227996E-15	5.516310E-15
7088.814	5.779941E-14	1.437327E-14	9.606030E-15	6.223313E-15	9.386107E-15	3.372136E-15
7096.929	5.832743E-14	5.237013E-14	2.331727E-14	6.373449E-16	3.901410E-15	6.687721E-15
7105.040	3.982678E-14	2.012500E-14	2.505447E-14	2.047818E-14	3.569890E-15	3.852917E-15
7113.147	3.502225E-14	8.536901E-15	6.269664E-15	1.915562E-15	7.872343E-16	1.049642E-14
7121.260	3.393800E-15	1.753329E-14	7.948428E-15	5.989024E-15	2.243405E-14	5.112114E-15
7129.373	1.350266E-15	9.998008E-15	1.702946E-14	8.427064E-15	7.318136E-15	9.410542E-15
7137.482	5.077400E-14	3.982272E-15	3.868408E-15	8.706691E-15	2.955720E-15	2.526719E-16
7145.492	2.249098E-15	3.557042E-14	1.101675E-14	2.218516E-14	4.269208E-15	8.079044E-15
7153.603	2.615887E-14	1.669492E-14	1.836764E-14	1.400446E-14	5.277630E-16	5.286818E-15
7161.711	3.368811E-14	4.026612E-14	1.715441E-14	7.607830E-16	1.748543E-15	9.664850E-15
7169.818	3.978246E-15	1.027209E-14	1.083336E-14	1.563738E-14	1.492346E-15	1.131565E-14
7177.935	7.677164E-14	1.739827E-14	8.010944E-16	1.037638E-14	1.271315E-14	1.261251E-14
7186.041	1.918585E-15	6.330122E-15	1.608227E-15	6.685821E-16	6.076698E-15	8.225789E-15
7194.148	2.742852E-14	1.055021E-14	2.127776E-14	1.088727E-14	8.535892E-15	3.439776E-15
7202.259	3.271269E-14	5.538102E-15	1.673523E-14	3.105106E-15	9.787911E-15	7.586551E-15
7210.264	1.289402E-14	2.174129E-14	1.115783E-14	1.378177E-14	1.398180E-14	1.134147E-14
7218.375	1.274086E-14	2.799279E-15	3.279933E-15	1.072252E-14	1.508896E-14	3.961364E-15
7226.483	1.249902E-14	7.537301E-15	1.597848E-14	1.561874E-15	2.058148E-15	2.635411E-15
7234.590	1.539302E-14	2.295048E-14	1.347544E-14	6.527626E-15	9.335977E-15	1.912413E-15
7242.700	8.827107E-15	2.333742E-14	1.684405E-14	1.203046E-14	7.220896E-15	8.870564E-15
7250.804	2.596943E-14	2.704157E-14	7.879899E-16	1.947707E-14	1.104698E-14	4.513943E-15
7258.917	5.139068E-15	8.192279E-15	1.159112E-14	4.544550E-15	8.204625E-15	8.095543E-15
7267.025	4.917388E-16	1.214231E-14	2.283359E-14	1.252069E-14	8.844745E-16	4.447184E-15
7275.133	2.337370E-14	9.139481E-15	2.382109E-15	1.681786E-15	3.000307E-15	2.485142E-15
7283.144	4.640076E-14	1.231159E-14	6.416782E-15	3.379693E-15	3.432345E-15	1.637033E-14
7291.249	1.960907E-14	2.118103E-15	5.244875E-15	2.821453E-16	2.516129E-15	1.165058E-14
7299.352	4.788404E-15	1.460302E-14	8.372653E-15	1.022774E-15	8.409180E-15	2.392688E-15
7307.459	3.780743E-14	1.892588E-14	2.045545E-16	9.401978E-15	1.360694E-14	7.865423E-15
7315.569	1.639665E-14	3.344627E-14	3.463732E-14	1.241388E-14	6.544252E-15	7.099601E-15
7323.676	1.361551E-14	9.010500E-15	1.452342E-14	6.047978E-15	1.100139E-14	1.002030E-14
7331.786	1.206774E-14	8.464353E-15	1.785171E-14	1.492194E-14	1.821397E-14	1.056204E-14
7339.890	1.662640E-14	9.074990E-15	1.420701E-14	2.443073E-15	1.612508E-15	1.812278E-15
7348.009	1.865381E-14	4.104403E-14	3.525804E-15	1.685867E-14	1.049327E-14	1.675739E-14
7356.019	1.620318E-14	7.579623E-15	1.089684E-14	7.539821E-15	4.423381E-15	6.104660E-15
7364.133	4.750515E-14	9.729972E-15	2.862662E-14	5.232780E-15	4.595939E-15	8.485509E-15
7372.240	4.284573E-15	1.925035E-14	2.455669E-15	5.983991E-15	4.162142E-15	6.740874E-15
7380.346	1.015722E-14	9.083054E-15	1.682792E-15	3.392794E-15	6.319038E-15	9.294913E-15
7388.454	2.376870E-14	8.736417E-15	5.708396E-15	7.966564E-15	9.947373E-15	2.033082E-15
7396.565	3.412342E-14	3.466351E-15	7.757978E-15	3.555529E-15	1.646517E-15	1.583010E-14
7404.670	7.647338E-14	1.393796E-14	1.230355E-15	1.548623E-14	7.878393E-15	1.287601E-14
7412.778	2.719474E-14	1.424832E-14	8.222506E-16	1.219672E-14	1.079180E-14	8.809348E-15
7420.886	2.198716E-14	2.333137E-14	2.791421E-14	1.747686E-14	1.219773E-15	5.586234E-16
7428.995	2.962925E-14	4.911740E-14	1.574973E-15	2.722698E-15	1.851752E-14	2.829764E-15
7437.003	6.674745E-15	4.769660E-14	3.701339E-14	1.598452E-14	1.387825E-14	8.733898E-15
7445.108	4.877076E-15	8.295061E-15	7.694497E-15	2.147829E-15	7.966313E-15	1.172061E-14
7453.223	2.888761E-14	3.424434E-14	3.900654E-15	4.518854E-15	4.367957E-15	8.786297E-15
7461.328	3.135839E-14	5.459505E-15	7.198728E-15	2.635030E-16	1.546757E-16	8.450997E-15
7469.431	2.261191E-14	9.310782E-15	2.032955E-14	6.008679E-15	1.164805E-14	6.788858E-15
7477.535	1.904882E-14	1.927252E-14	2.368002E-15	1.280132E-14	8.884041E-15	1.669063E-15
7485.642	2.793638E-14	1.458286E-14	9.038717E-15	6.515030E-15	6.812036E-15	1.042967E-14
7493.756	3.474414E-14	2.209598E-14	1.253328E-14	1.387951E-14	1.017687E-14	1.219484E-14
7501.865	3.260387E-14	1.184606E-14	7.693487E-15	2.173322E-14	8.155502E-15	1.748166E-15
7509.973	2.445391E-14	3.766637E-15	8.205380E-15	5.151160E-15	1.401151E-15	3.177154E-15
7517.980	1.229749E-14	2.069332E-14	1.963930E-15	1.963024E-14	4.914861E-16	4.682599E-15
7526.089	1.011691E-14	2.348252E-14	2.368506E-14	2.502525E-15	1.170650E-14	9.134319E-15
7534.202	2.044745E-14	2.914356E-14	7.109046E-15	5.788997E-16	1.596991E-14	8.559572E-15
7542.313	5.630805E-15	2.259175E-14	3.284959E-16	5.650456E-15	9.321112E-15	4.071830E-15
7550.419	9.512326E-16	9.836784E-15	1.618303E-15	9.687649E-15	6.155293E-15	1.272650E-14
7558.533	8.343441E-16	1.334949E-14	2.015926E-14	1.034865E-15	6.209204E-15	8.043527E-15
7566.636	2.899241E-14	2.411130E-14	4.023590E-15	3.721794E-15	3.139367E-15	1.130519E-14
7574.743	3.145514E-14	9.389381E-15	2.266027E-14	3.833646E-15	1.384022E-15	1.946424E-15
7582.756	2.621530E-14	7.738813E-16	4.157608E-15	3.300593E-15	8.240645E-15	2.003860E-15
7590.861	1.978642E-14	2.902063E-15	1.754236E-14	7.204269E-15	3.702397E-15	9.843460E-15
7598.971	1.871427E-14	2.963530E-14	3.839489E-14	1.147624E-14	7.907366E-15	9.154722E-15
7607.080	1.894402E-16	3.558452E-14	5.047373E-15	3.434610E-15	6.332139E-15	2.181575E-16
7615.192	4.994369E-14	1.639464E-14	1.306835E-14	1.119209E-14	3.641935E-15	9.597841E-15
7623.301	6.052412E-14	2.732775E-14	8.132829E-15	4.052811E-15	6.158821E-15	4.896853E-15
7631.405	5.171312E-15	1.623946E-14	1.100567E-14	3.005347E-15	9.165684E-15	7.879529E-15
7639.511	1.199116E-14	2.288599E-14	4.241245E-15	2.911334E-14	1.271013E-14	7.724350E-15
7647.620	4.889168E-15	4.923430E-15	2.483884E-15	2.046760E-14	5.707643E-15	1.277927E-14
7655.727	2.284568E-14	3.748496E-16	1.471084E-14	9.916891E-15	1.672213E-15	6.895547E-15
7663.735	1.661834E-14	2.156595E-14	2.749907E-15	7.370536E-15	1.952342E-15	8.370258E-15
7671.843	4.723913E-15	3.153978E-15	1.176847E-14	2.022880E-15	5.674140E-15	5.092212E-15
7679.952	2.012500E-14	4.911338E-15	8.444192E-16	4.498198E-15	1.696774E-14	1.168256E-15
7688.057	3.874253E-14	2.716854E-14	1.846840E-14	2.957482E-15	1.404779E-14	1.320035E-14
7696.167	1.268443E-14	2.062480E-14	1.069128E-14	1.999702E-14	5.404336E-15	9.178784E-15
7704.273	1.160865E-13	5.344229E-14	2.639164E-14	1.204003E-14	9.853663E-15	1.367646E-15
7712.386	4.034673E-15	5.010089E-15	2.094019E-14	8.739946E-15	5.838637E-15	5.631437E-15
7720.497	8.000825E-15	2.307543E-14	8.936940E-15	2.354600E-14	1.443398E-14	1.978166E-15
7728.603	3.694487E-14	1.871226E-14	1.611652E-14	1.937832E-14	9.456388E-15	8.200471E-15
7736.610	3.700130E-14	1.148732E-15	3.959096E-15	4.073971E-15	4.238974E-15	1.155850E-14
7744.720	3.164054E-15	7.839600E-15	1.221789E-14	9.275516E-15	1.433599E-14	5.112745E-15
7752.824	2.684005E-14	4.347048E-14	2.338982E-14	3.864379E-15	8.320759E-15	5.656879E-15
7760.933	6.184214E-14	8.941979E-15	8.555034E-16	1.968969E-14	1.106714E-14	1.106349E-14
7769.045	3.497791E-14	4.736005E-15	1.427251E-14	5.714947E-15	1.083225E-16	5.667082E-15
7777.153	4.420002E-14	3.224743E-17	1.542628E-14	1.362256E-14	1.630395E-14	1.139891E-14
7785.263	6.743266E-15	1.216448E-14	5.800095E-15	1.928158E-15	1.246174E-14	4.196781E-15
7793.371	8.577204E-15	5.946003E-14	7.011303E-15	1.667225E-14	1.617950E-14	1.277198E-14
7801.476	4.349064E-15	1.011490E-14	1.797667E-15	1.175789E-14	9.222112E-15	4.417959E-15
7809.581	1.741641E-14	3.612262E-14	3.587273E-15	8.289017E-15	8.025766E-15	3.731997E-15
7817.592	3.477236E-14	6.833955E-15	1.050184E-14	3.145407E-15	8.331591E-15	1.506705E-14
7825.698	4.102388E-14	2.255144E-15	1.534465E-14	1.524590E-15	1.158810E-14	3.689551E-15
7833.809	5.038706E-14	1.426646E-14	3.095533E-15	5.582440E-16	6.629652E-15	1.224799E-14
7841.924	2.654581E-14	5.921013E-15	9.189864E-15	1.909214E-14	9.884144E-15	2.087746E-15
7850.034	9.786399E-15	7.414366E-15	2.698011E-14	2.226527E-14	1.150673E-14	1.097644E-14
7858.142	7.650156E-15	5.127985E-14	1.768443E-15	6.864690E-15	2.235923E-14	2.325170E-16
7866.253	1.221285E-15	1.921408E-14	2.730762E-15	1.797767E-14	3.625815E-15	5.242731E-15
7874.363	1.352684E-14	4.918593E-14	9.252339E-15	1.053559E-14	1.292047E-14	6.092820E-15
7882.380	2.280538E-14	1.077189E-14	7.947420E-15	2.516128E-15	8.841465E-15	4.584981E-15
7890.494	2.220884E-14	4.499004E-14	1.719472E-14	4.663957E-15	1.425840E-14	6.364384E-15
7898.600	2.674331E-14	2.091501E-14	1.070438E-14	1.313435E-14	1.723528E-14	5.152934E-16
7906.714	2.508672E-14	6.414764E-15	1.539706E-15	1.222040E-14	6.154034E-15	6.684193E-15
7914.827	4.226128E-14	3.884531E-14	1.517537E-14	6.371942E-15	1.535926E-14	1.290435E-15
7922.939	1.902060E-14	2.418336E-17	2.858734E-15	8.436135E-15	1.208210E-14	2.587173E-16
7931.044	3.006859E-14	1.026806E-14	3.147933E-15	4.786390E-15	1.111047E-14	7.774605E-15
7939.055	4.193883E-14	1.567114E-14	7.038507E-15	4.034168E-15	7.059165E-15	4.886020E-15
7947.161	6.631214E-14	2.116893E-14	8.195304E-15	1.215138E-14	1.324595E-14	2.709725E-15
7955.266	1.239020E-14	1.510080E-14	2.060968E-14	1.969070E-14	1.663774E-14	3.625435E-15
7963.374	2.673928E-14	3.985902E-14	1.003428E-14	1.425850E-16	1.084268E-14	7.289167E-15
7971.477	3.174131E-14	2.563493E-15	8.093530E-15	4.498701E-15	5.323218E-15	5.144862E-15
7979.590	2.474815E-14	2.379087E-14	8.424050E-16	4.540015E-15	2.457684E-15	6.264373E-15
7987.701	5.779941E-15	2.480457E-14	7.139276E-15	9.050807E-15	7.482886E-15	3.367981E-15
7995.807	4.131811E-14	4.151555E-16	3.223204E-14	1.588929E-14	1.296205E-14	4.206858E-15
8003.920	5.944794E-14	2.795855E-14	5.136046E-15	3.461303E-16	7.581891E-15	4.634105E-15
8011.933	4.065306E-14	1.144501E-14	8.002840E-15	7.291937E-15	5.933358E-15	9.718888E-15
8020.039	6.566723E-14	3.700936E-14	1.708186E-14	5.896828E-15	5.173328E-15	8.488407E-15
8028.148	7.283369E-15	8.825092E-15	9.153587E-15	6.407714E-15	2.741844E-15	2.856592E-15
8036.255	2.178562E-14	3.106819E-14	1.188737E-14	2.675339E-15	4.766991E-15	1.265370E-15
8044.362	8.585270E-16	7.001227E-15	1.290712E-14	7.337783E-15	6.221547E-15	5.293618E-15
8052.473	2.027010E-14	3.208189E-14	6.664667E-15	1.486300E-14	9.856429E-15	1.133139E-14
8060.582	2.671912E-14	5.257974E-15	2.820341E-14	8.766630E-16	1.289202E-14	5.000516E-15
8068.688	3.565909E-14	2.383722E-14	1.590088E-15	4.929476E-15	1.479069E-14	6.540346E-15
8076.797	5.642901E-15	5.463536E-15	2.114979E-14	3.578203E-15	1.319834E-14	1.025421E-14
8084.907	5.357933E-14	1.781947E-14	4.120322E-15	1.125506E-14	3.625310E-15	8.817157E-15
8092.918	1.137850E-14	1.576384E-14	7.444595E-15	9.019569E-15	3.423023E-15	1.059983E-14
He 663	Lab W BCA-2-13	2025-10-15T18:23:57
