 									
He 681	Lab G BCA-3-2	2025-10-14T20:26:06	time_sec	5 amu	5 amu	5 amu	5 amu	5 amu	5 amu
6.005	3.178730E-14	1.745116E-14	6.208396E-15	3.602227E-15	7.019106E-15	3.680767E-15
14.025	2.470773E-14	1.095565E-14	1.284353E-14	5.906039E-15	5.120649E-15	1.038498E-14
22.143	1.570486E-14	1.039911E-14	5.892764E-15	2.378295E-14	2.550368E-15	7.514429E-15
30.259	2.339800E-14	2.133707E-15	6.265426E-15	2.868212E-15	1.066435E-14	4.491231E-15
38.375	1.059577E-14	3.708913E-15	1.059282E-14	1.604655E-14	7.670525E-15	2.952404E-15
46.396	6.298857E-14	3.213735E-14	1.953472E-14	8.966480E-15	2.345603E-15	7.911551E-15
54.515	2.945889E-15	1.769304E-14	1.514440E-14	1.385680E-14	1.469528E-14	2.832569E-15
62.543	1.012773E-14	4.141554E-15	2.206468E-15	1.291187E-14	9.591352E-15	8.025608E-15
70.669	1.414342E-14	2.372838E-14	2.453663E-14	4.327883E-15	6.984936E-15	9.732453E-15
78.788	4.014514E-14	4.739384E-15	2.080413E-14	6.463555E-15	5.887603E-15	6.546273E-15
86.801	2.025546E-14	2.371855E-14	2.611577E-15	1.289614E-14	6.563358E-16	7.396068E-15
94.919	1.229093E-14	2.786207E-14	1.697623E-14	5.828853E-15	1.310877E-14	4.698700E-15
103.037	4.621391E-15	1.092811E-14	8.570220E-15	5.675461E-15	6.884890E-15	9.526457E-15
111.154	3.422976E-14	5.960613E-15	3.970463E-15	3.858861E-15	7.985665E-15	4.823085E-15
119.174	1.842263E-14	3.577153E-14	2.385424E-15	1.166360E-14	5.358355E-15	4.713571E-15
127.292	2.941564E-14	2.466643E-14	1.179438E-14	1.081111E-14	5.401373E-15	9.863351E-15
135.406	2.392111E-14	2.328395E-15	1.433418E-14	1.138829E-14	2.831585E-15	5.395473E-15
143.425	2.279624E-14	1.959863E-14	2.085033E-14	1.575648E-14	8.282859E-15	6.959866E-15
151.540	1.240499E-14	3.089252E-14	1.315523E-14	1.169015E-14	1.177594E-14	4.796044E-15
159.660	1.384844E-14	3.427892E-14	9.645925E-15	1.454754E-14	7.928636E-15	3.316218E-15
167.673	3.583051E-15	1.782480E-14	1.638529E-14	1.606622E-14	7.489111E-15	8.152822E-15
175.796	2.420036E-14	5.535836E-15	1.066263E-14	3.469484E-15	7.474853E-15	8.278554E-15
183.913	4.597398E-14	2.556907E-14	6.882440E-18	4.308216E-15	5.692421E-15	5.408013E-15
191.936	1.303429E-14	1.975399E-14	1.960158E-14	1.153676E-14	9.902804E-15	8.759257E-15
200.051	1.291630E-14	1.733317E-14	2.184541E-14	1.058987E-14	1.159305E-14	7.953340E-15
208.171	4.160038E-14	3.157098E-14	2.064189E-14	1.109281E-14	6.568766E-15	4.526872E-15
216.284	5.185790E-14	3.038319E-14	1.139714E-14	1.055939E-14	1.019656E-14	2.363669E-15
224.301	6.312623E-15	2.240096E-14	3.807240E-15	4.663181E-15	8.785557E-16	8.603038E-15
232.327	1.907159E-14	3.233203E-14	1.095171E-14	1.779285E-14	9.673702E-15	9.020559E-15
240.442	2.527016E-14	1.117590E-14	1.363998E-14	5.906531E-15	1.504681E-14	7.458140E-15
248.467	2.474706E-14	1.278847E-14	5.200539E-15	1.593741E-14	5.879979E-16	1.046524E-14
256.580	8.566287E-15	4.207629E-14	1.415424E-14	3.597802E-15	7.736648E-15	3.462725E-15
264.794	4.876649E-14	7.771802E-15	8.773758E-15	9.322917E-15	4.444892E-15	1.403194E-14
272.808	2.434588E-14	2.949826E-16	1.299594E-14	1.083175E-14	8.658959E-15	8.764910E-15
280.921	2.092409E-15	1.140606E-16	3.563388E-15	1.343497E-14	9.472378E-15	5.802918E-15
288.939	3.730544E-14	2.045998E-14	4.485698E-15	1.867238E-15	7.992057E-15	8.591486E-15
297.052	5.301030E-14	5.048131E-15	2.165269E-14	3.602718E-15	1.003825E-14	9.660672E-15
305.070	3.087876E-14	4.272328E-14	2.087491E-15	1.066852E-16	1.172826E-14	1.255679E-14
313.193	3.772235E-14	5.470940E-15	3.972430E-15	2.245798E-15	8.228042E-15	6.740840E-15
321.307	4.799167E-14	6.849492E-15	5.063865E-15	7.224610E-15	1.709030E-14	9.182554E-15
329.323	9.832746E-15	3.432218E-14	2.760052E-15	5.189722E-15	8.057198E-15	6.376414E-15
337.436	1.166164E-14	8.043187E-15	2.486505E-14	9.430586E-15	8.700506E-15	6.281279E-15
345.559	3.118160E-14	1.319358E-14	8.562357E-15	8.654783E-15	4.667359E-15	7.707030E-15
353.588	1.904406E-14	1.526829E-14	5.611548E-15	2.242407E-14	6.969204E-15	8.877987E-15
361.706	2.070777E-14	1.665077E-14	3.444804E-14	1.151906E-15	5.895471E-15	4.601602E-15
369.824	2.038132E-14	4.313036E-14	8.238857E-15	3.647956E-16	8.953944E-15	5.543703E-15
377.939	1.488284E-14	1.895754E-15	2.772638E-14	1.018476E-14	9.258512E-15	5.408628E-15
385.953	1.591332E-14	8.945833E-15	2.475001E-14	5.221680E-15	7.669051E-15	6.915244E-15
394.073	1.605097E-14	6.745264E-15	8.031386E-15	1.298955E-14	8.831282E-15	1.289405E-14
402.196	1.778547E-14	2.178740E-14	8.470910E-15	8.161179E-15	8.401345E-15	8.081534E-15
410.205	1.612574E-16	2.288867E-14	3.937032E-15	6.507311E-15	7.444127E-15	5.644980E-15
418.322	4.444411E-16	1.114443E-14	1.990541E-14	3.152379E-15	1.189369E-14	8.169418E-15
426.435	5.280185E-14	1.098318E-14	9.137571E-15	3.034386E-15	4.509296E-15	3.305646E-15
434.451	2.961623E-14	6.037306E-15	2.096145E-14	3.864267E-15	9.145189E-15	7.096171E-15
442.568	8.554490E-15	9.820946E-15	9.512199E-15	1.128603E-14	2.792501E-16	1.313249E-14
450.684	5.354520E-14	7.028446E-15	1.174030E-15	3.808221E-15	1.311295E-14	5.902348E-15
458.804	9.101189E-15	2.263499E-15	5.136628E-15	9.592826E-15	2.889352E-15	8.827342E-15
466.822	2.733502E-15	3.650308E-14	8.932066E-15	1.143795E-14	8.580547E-15	5.371382E-15
474.937	2.963197E-14	3.186203E-14	6.995015E-15	4.053548E-15	3.403851E-15	7.065319E-15
483.056	1.934298E-14	1.154561E-14	1.676484E-15	6.938969E-15	5.977573E-15	5.453980E-15
491.076	2.467233E-14	2.465266E-14	1.542070E-14	1.597833E-16	7.560644E-15	1.300541E-14
499.196	6.178898E-15	1.484548E-14	2.769885E-15	8.018609E-16	7.715265E-15	8.503360E-15
507.308	1.743936E-14	1.281993E-14	3.169193E-14	7.657743E-15	7.372100E-15	9.129216E-15
515.425	4.845578E-15	9.077591E-15	2.647761E-14	1.580417E-14	3.916875E-15	9.690912E-15
523.438	2.521510E-14	6.654803E-15	1.243842E-15	1.469996E-14	6.540497E-15	4.502168E-15
531.556	3.827298E-14	1.310705E-14	6.705934E-16	1.027866E-14	6.452987E-15	1.513087E-14
539.669	2.359883E-16	4.093176E-14	2.739108E-14	4.424729E-16	8.740822E-15	6.961336E-15
547.688	2.821605E-14	1.487695E-14	1.668224E-14	4.873601E-15	9.060634E-15	5.283259E-15
555.800	1.511490E-14	3.677439E-16	2.406958E-14	1.164050E-14	7.854398E-15	8.112756E-15
563.921	1.577566E-14	1.137649E-14	2.572837E-14	7.130215E-15	8.125538E-15	7.990706E-15
571.931	1.569700E-14	2.201552E-14	1.599296E-14	2.646486E-15	9.765884E-15	5.701397E-15
580.039	1.545314E-14	5.248721E-15	1.121818E-14	1.288237E-14	9.679109E-15	3.725258E-15
588.149	1.308542E-14	1.856619E-14	2.162122E-14	1.004366E-14	8.763683E-15	7.692894E-15
596.261	4.180491E-14	8.277205E-15	1.419947E-14	1.031406E-14	4.022084E-15	5.408625E-15
604.373	2.714231E-14	1.552394E-14	4.802313E-15	4.211856E-15	8.921989E-15	7.588545E-15
612.486	1.411589E-14	2.644026E-14	2.251697E-16	4.072233E-15	1.276905E-14	3.806133E-15
620.601	2.158484E-14	1.710898E-14	9.802264E-15	3.731525E-15	3.676713E-15	8.139424E-15
628.625	2.117580E-14	1.904210E-14	9.685255E-15	4.361315E-15	8.039499E-15	4.888839E-15
636.736	3.673514E-14	4.914406E-15	1.231257E-14	6.261493E-15	5.704468E-15	5.942666E-15
644.754	2.745696E-14	4.226115E-15	2.418843E-16	1.388383E-14	8.296873E-15	9.432799E-15
652.868	4.416476E-14	1.401560E-14	2.550024E-14	1.464292E-14	1.703523E-15	7.294422E-15
660.885	4.900640E-15	9.081524E-15	6.794425E-16	1.013510E-14	5.014710E-16	8.216732E-15
669.098	5.978703E-14	1.429485E-14	2.042852E-14	3.131239E-15	8.977051E-15	8.508890E-15
677.114	2.137639E-14	9.636085E-16	6.229044E-15	1.773532E-14	1.367293E-14	8.790845E-15
685.227	4.315002E-14	1.688283E-14	1.980316E-15	5.939470E-15	7.242799E-15	6.554754E-15
693.337	3.555521E-14	6.973384E-15	1.395857E-14	9.302267E-15	1.013510E-14	7.530778E-15
701.453	1.869795E-14	2.814132E-14	1.239614E-14	7.976323E-15	6.336220E-15	9.261218E-15
709.470	1.642855E-14	6.096305E-16	1.733513E-14	6.617931E-15	1.763994E-15	9.783951E-15
717.487	2.347273E-14	2.400174E-14	1.681990E-14	1.345317E-14	5.702010E-15	7.444124E-15
725.602	3.986982E-14	1.105791E-14	1.685726E-14	9.958608E-15	1.044533E-14	8.145448E-15
733.810	1.162624E-14	6.855391E-15	9.912393E-15	7.585963E-15	1.291728E-14	9.840980E-15
741.825	3.089449E-14	1.724860E-14	1.101562E-14	7.944859E-15	3.002921E-15	4.993191E-15
749.934	1.979922E-14	1.951014E-14	1.242859E-15	9.172969E-15	7.332777E-16	1.151488E-14
758.052	7.948792E-15	1.120933E-14	1.077964E-14	1.126046E-14	6.991329E-15	8.323418E-15
766.068	5.042231E-15	2.429082E-14	1.756915E-14	1.521912E-14	1.017074E-14	9.415345E-15
774.185	3.386791E-14	2.664281E-14	8.092362E-16	2.094818E-14	2.038329E-15	1.033508E-14
782.310	4.491597E-15	1.842263E-14	1.681596E-14	6.055497E-15	6.061641E-15	1.092873E-14
790.422	1.294776E-14	5.313616E-15	1.514046E-14	3.882950E-15	8.999414E-16	1.341359E-14
798.439	9.675423E-15	2.997020E-14	2.193391E-14	4.198092E-15	6.167100E-15	8.582266E-15
806.554	7.311631E-15	1.229095E-15	1.840395E-14	5.335248E-15	1.026662E-14	6.826265E-15
814.667	1.734496E-14	9.073659E-15	2.874112E-14	3.724152E-15	5.566563E-15	9.472127E-15
822.691	1.972449E-14	1.619650E-14	3.158278E-15	1.028407E-14	1.185411E-14	5.015315E-15
830.802	4.526997E-15	9.929109E-15	2.328394E-15	2.706956E-15	9.664851E-15	9.843809E-15
838.923	2.744516E-14	9.687222E-15	1.527025E-14	1.681646E-14	1.954257E-15	6.309058E-15
846.949	2.506957E-14	6.501412E-15	1.042665E-14	1.011150E-14	1.034380E-14	6.243054E-15
855.070	1.246793E-15	2.035772E-14	5.947828E-15	1.283321E-14	8.503848E-15	8.449033E-15
863.184	6.926187E-15	2.315022E-14	7.596779E-15	9.666081E-15	5.096560E-15	8.587058E-15
871.194	7.976324E-15	1.309721E-15	2.453761E-14	7.751154E-15	1.375945E-14	5.991336E-15
879.223	3.647949E-14	1.733710E-14	1.106282E-14	1.200480E-14	9.778668E-15	1.142688E-14
887.337	3.070963E-14	2.187196E-14	5.842619E-15	6.735432E-15	1.075973E-14	5.003762E-15
895.549	1.830464E-14	2.000177E-14	4.873106E-15	9.354383E-15	7.227315E-15	1.038584E-14
903.562	2.603710E-15	3.016686E-14	3.689246E-15	4.198591E-16	1.408614E-14	8.679362E-15
911.680	5.507911E-14	3.166144E-15	2.050521E-14	1.071425E-14	1.026367E-14	3.950305E-15
919.799	4.338208E-14	1.234796E-14	1.423782E-15	1.889854E-15	1.472405E-14	7.842967E-15
927.818	5.408011E-15	3.561814E-14	3.628284E-16	6.157757E-15	1.007365E-14	5.738515E-15
935.929	5.455208E-15	2.206665E-14	2.884928E-15	1.636907E-14	4.826895E-15	1.060142E-14
943.955	1.326634E-14	5.260519E-15	1.868910E-14	7.235918E-15	8.524008E-15	5.828974E-15
951.968	2.983255E-14	1.264491E-14	9.402071E-15	3.309209E-15	1.168081E-14	7.705923E-15
960.088	6.556475E-15	4.625324E-15	6.056983E-16	1.773828E-15	7.599483E-15	5.443777E-15
968.301	4.008220E-14	1.244039E-14	1.997523E-14	4.588452E-15	8.514418E-15	8.636718E-15
976.320	1.486318E-14	7.622345E-15	1.988772E-14	7.349986E-16	8.348003E-15	8.075141E-15
984.438	4.086490E-15	3.141169E-14	4.682353E-15	1.088977E-14	3.637133E-15	5.862284E-15
992.554	4.785008E-14	5.887845E-15	1.378453E-14	1.465669E-14	8.586693E-15	7.940925E-15
1000.667	3.324255E-14	2.627310E-15	7.354892E-15	1.081012E-14	7.339407E-15	7.490464E-15
1008.685	1.424175E-14	1.965959E-14	1.907553E-15	1.839854E-14	4.540258E-16	3.935432E-15
1016.804	1.104414E-14	1.328404E-14	1.340892E-14	6.893245E-15	2.076923E-15	1.054071E-14
1024.918	6.886857E-15	1.539809E-15	7.655777E-15	7.334246E-15	1.057389E-14	6.939710E-15
1032.938	2.830651E-14	3.480817E-16	5.586967E-15	5.717249E-15	4.699315E-15	6.226585E-16
1040.958	1.633809E-14	1.360852E-14	3.628277E-16	1.545708E-15	1.031651E-14	3.546795E-15
1049.170	3.789934E-14	2.775194E-14	5.142526E-15	7.562365E-15	7.003126E-15	6.547627E-15
1057.185	1.368718E-14	3.033992E-14	1.437547E-15	1.929234E-14	4.776256E-15	6.683444E-15
1065.200	4.849117E-14	1.002940E-14	5.200539E-15	7.625786E-15	1.283321E-14	7.319744E-15
1073.309	1.937051E-14	3.395051E-14	2.531440E-14	7.383410E-15	1.871909E-15	5.190338E-15
1081.523	3.686493E-14	8.255572E-15	7.487635E-15	1.868229E-16	9.350940E-15	7.070852E-15
1089.537	7.264432E-15	2.787977E-14	1.316801E-14	1.601558E-14	1.308247E-15	1.162980E-14
1097.654	2.261139E-14	1.144335E-14	1.178750E-14	1.499838E-14	7.957395E-15	7.198675E-15
1105.770	3.451687E-14	1.146302E-14	2.495846E-14	1.019656E-14	1.113553E-16	6.066805E-15
1113.791	3.461520E-14	2.690241E-15	2.131740E-14	1.003038E-14	1.079144E-15	6.293325E-15
1121.909	2.204501E-14	8.652727E-17	2.827898E-15	6.225112E-15	4.275524E-15	1.006124E-14
1130.025	2.869589E-14	4.519133E-15	6.715767E-15	1.193204E-14	5.786080E-15	1.077903E-14
1138.135	2.348846E-14	1.232436E-14	1.045221E-15	1.334302E-15	7.792205E-15	4.642654E-15
1146.152	1.588972E-14	2.160254E-14	1.357804E-14	5.152358E-15	1.125333E-14	6.297258E-15
1154.267	2.461333E-14	1.396249E-16	2.642157E-14	4.145487E-15	3.157540E-15	3.060811E-15
1162.385	7.232968E-15	8.167078E-15	1.042763E-14	5.746258E-15	7.726325E-15	5.369170E-15
1170.402	3.644016E-14	3.080993E-14	2.156320E-15	3.781675E-15	1.516505E-14	3.830100E-15
1178.525	2.619445E-15	3.142546E-15	1.104512E-14	1.621665E-14	1.870681E-15	7.290243E-15
1186.643	2.154551E-14	2.512464E-14	1.530172E-14	1.315376E-14	1.858635E-15	2.960148E-15
1194.657	2.217481E-14	1.223193E-15	5.197592E-15	8.041713E-15	1.027473E-14	8.653801E-15
1202.774	1.736070E-14	2.076086E-14	1.778449E-14	3.917364E-15	1.522576E-14	6.179761E-15
1210.898	1.504410E-14	3.126808E-16	2.112075E-15	1.287647E-14	6.839168E-15	8.559773E-15
1218.912	2.207255E-14	1.181110E-14	1.144826E-14	6.800819E-15	9.762195E-15	4.164537E-15
1227.030	1.183861E-15	1.309722E-15	2.104209E-15	8.977789E-15	3.149674E-15	8.483078E-15
1235.142	6.214300E-16	1.078652E-14	1.069508E-14	6.239860E-15	9.175672E-15	6.615469E-15
1243.258	2.506957E-14	3.384038E-14	2.172055E-15	1.418865E-14	1.557262E-15	1.206466E-14
1251.280	5.514205E-15	8.043187E-15	5.437489E-16	6.049597E-15	1.315179E-14	6.190207E-15
1259.397	7.791470E-15	3.245397E-14	8.603654E-15	1.635284E-14	5.866708E-15	7.993531E-15
1267.519	1.032832E-14	1.366751E-15	8.701980E-15	4.375468E-17	5.847042E-15	1.020774E-14
1275.444	2.206862E-14	3.278237E-15	1.816894E-14	7.734440E-15	8.123077E-15	8.225830E-15
1283.656	3.075290E-14	3.735657E-14	4.741349E-15	2.781193E-15	7.045654E-15	1.350761E-14
1291.770	2.452680E-14	2.697319E-14	1.761929E-14	1.547182E-15	5.316566E-15	8.396302E-15
1299.789	2.809806E-14	3.240283E-14	1.062920E-14	2.137442E-14	6.922005E-15	3.434210E-15
1307.907	4.150206E-14	4.849315E-14	2.099882E-14	1.147678E-14	5.634901E-15	8.592588E-15
1316.016	3.918152E-14	2.712658E-14	7.310644E-15	7.685276E-15	1.043328E-14	4.158269E-15
1324.134	2.169104E-14	3.942735E-14	1.884937E-14	6.584499E-15	1.130766E-15	8.565919E-15
1332.052	2.621017E-14	1.410016E-14	3.134680E-15	1.433270E-14	1.061298E-14	7.401847E-15
1340.264	1.290056E-15	1.821811E-14	8.632166E-15	9.625766E-15	3.781918E-15	9.557069E-15
1348.383	4.840070E-14	1.937051E-15	4.886877E-15	8.890279E-15	1.106504E-14	5.218485E-15
1356.402	4.193863E-14	4.330340E-15	1.278650E-14	6.008300E-15	8.890033E-15	9.802754E-15
1364.523	6.084504E-15	2.771064E-14	4.744300E-15	8.747213E-15	7.644961E-15	6.829825E-15
1372.644	1.868222E-14	2.688667E-14	1.433615E-14	7.551548E-15	1.166163E-14	7.898642E-15
1380.666	3.540575E-14	2.692204E-15	5.083526E-16	1.400331E-14	6.897917E-15	7.902089E-15
1388.787	8.125784E-15	1.651899E-15	1.766748E-14	1.043451E-14	1.137132E-14	7.530037E-15
1396.903	1.323094E-14	4.395236E-15	9.714744E-16	8.726557E-16	5.369172E-15	7.824656E-15
1404.920	3.421796E-15	9.820947E-15	7.416842E-15	2.915901E-15	5.282151E-15	3.513732E-15
1413.034	3.974789E-14	6.373587E-15	5.722657E-15	1.755686E-14	9.570949E-15	1.197715E-14
1421.141	1.030865E-14	2.600565E-14	4.413920E-15	4.814603E-15	6.464537E-15	9.181697E-15
1429.255	1.964583E-14	4.346664E-14	5.851466E-15	8.465994E-15	6.347282E-15	7.328959E-15
1437.273	7.028448E-15	1.491824E-14	2.366742E-14	8.715746E-15	9.310874E-15	6.496864E-15
1445.390	3.297903E-14	9.651824E-15	1.247481E-14	2.573131E-14	7.624558E-15	7.717600E-15
1453.516	5.345474E-14	3.239693E-14	3.106951E-14	1.145613E-14	7.952971E-15	9.981216E-15
1461.532	3.261325E-14	2.581489E-14	2.205288E-14	7.046146E-15	5.987650E-15	8.944111E-15
1469.549	2.447174E-14	5.075663E-15	1.534204E-14	1.582974E-14	7.839648E-15	8.033355E-15
1477.763	3.875675E-14	1.212771E-14	1.904604E-15	4.163675E-15	1.107708E-14	5.405184E-15
1485.787	5.773789E-15	3.905566E-15	1.578745E-14	5.921278E-15	1.557261E-15	8.995855E-15
1493.906	5.073303E-14	2.745305E-15	9.778668E-15	7.339163E-15	8.147413E-15	6.728673E-15
1502.018	3.145298E-14	2.279624E-14	1.419849E-15	8.485167E-15	1.227815E-14	7.649752E-15
1510.038	4.157285E-15	1.171473E-14	3.798390E-15	1.279830E-14	9.335946E-15	1.003358E-14
1518.053	3.868989E-14	9.423703E-15	1.609424E-14	1.612227E-14	1.499838E-14	5.655179E-15
1526.175	2.001554E-14	8.399128E-15	6.204463E-15	1.230814E-14	8.364470E-15	5.940946E-15
1534.291	2.119153E-14	8.790485E-16	9.261464E-15	1.761389E-14	1.212353E-14	5.300466E-15
1542.313	2.280804E-14	1.596248E-14	1.950030E-14	9.728031E-15	5.410222E-15	1.068574E-14
1550.433	5.274287E-15	1.109134E-15	1.112969E-14	2.090589E-14	1.739414E-15	7.141894E-15
1558.555	1.740003E-14	3.100461E-14	1.932134E-15	8.246725E-15	8.855373E-15	8.481233E-15
1566.672	3.917759E-14	2.300864E-16	1.139419E-14	5.314598E-15	3.213588E-15	1.079574E-14
1574.685	6.580074E-15	1.943737E-14	1.926233E-15	1.119606E-14	5.961839E-15	6.130963E-15
1582.799	4.111661E-14	1.219851E-14	4.912441E-15	8.621354E-15	1.072753E-15	5.296655E-15
1590.921	2.749629E-14	2.737436E-15	5.772806E-15	7.133658E-15	4.962095E-15	5.152114E-15
1598.936	8.027454E-15	6.410951E-15	5.706926E-15	2.433607E-16	1.540791E-15	1.320193E-14
1607.049	2.271757E-14	5.596799E-15	1.931545E-14	3.611075E-15	1.145810E-14	6.878005E-15
1615.164	1.408049E-14	2.164187E-14	1.575894E-14	4.889825E-15	5.388345E-15	7.629594E-15
1623.175	2.354746E-14	3.310882E-14	1.275307E-14	3.618443E-16	2.964819E-15	9.855120E-15
1631.292	2.444028E-14	6.444383E-15	2.046981E-14	7.935022E-16	1.188435E-14	8.729145E-15
1639.409	1.190549E-14	2.243636E-14	1.320046E-14	1.064640E-14	4.363771E-15	3.159384E-15
1647.523	1.714831E-15	1.415915E-15	1.963501E-14	1.870188E-15	5.015684E-15	7.028448E-15
1655.536	1.197235E-14	4.508314E-14	1.345710E-14	1.175014E-15	7.801794E-15	3.163440E-15
1663.660	1.305790E-15	8.684280E-15	2.358679E-14	5.103196E-15	5.048132E-15	7.553271E-15
1671.778	1.956717E-14	2.931928E-14	9.287028E-15	1.783660E-14	1.584792E-15	9.700494E-15
1679.798	2.088475E-14	2.007848E-15	3.312259E-14	1.379092E-14	1.126194E-14	1.434475E-15
1687.921	3.539785E-16	1.222210E-14	3.037335E-15	8.939932E-15	7.417086E-15	1.392379E-14
1695.934	2.683947E-14	1.249152E-14	1.810208E-15	1.464981E-14	2.568805E-15	4.535477E-15
1704.049	2.485718E-15	3.892195E-14	1.154659E-14	9.941887E-15	1.040526E-14	4.512615E-15
1712.168	1.234206E-14	2.662707E-15	8.970415E-15	7.788026E-15	2.998004E-15	5.247000E-15
1720.278	4.112448E-14	1.488678E-15	4.149420E-15	1.420881E-14	6.968222E-15	1.075395E-14
1728.296	2.716591E-14	1.644035E-14	2.318857E-14	6.227570E-15	5.568777E-15	5.846921E-15
1736.411	7.543682E-15	2.784831E-14	9.895676E-15	1.165918E-14	3.770366E-15	5.386624E-15
1744.526	1.773041E-14	2.114433E-14	1.021524E-14	8.795882E-15	8.932556E-15	9.222503E-15
1752.537	8.849471E-15	2.645009E-14	1.153381E-14	5.098275E-16	9.092343E-15	7.367183E-15
1760.751	3.072930E-14	3.530742E-14	9.026451E-16	8.772778E-15	4.623110E-15	7.603170E-15
1768.763	3.520123E-15	1.792313E-14	1.136567E-14	4.318542E-15	1.215573E-14	1.030300E-14
1776.879	5.950778E-15	6.643005E-15	1.079341E-14	6.341630E-15	5.162194E-15	6.037301E-15
1784.995	5.824921E-15	1.171867E-14	3.367716E-15	6.909472E-15	8.683296E-15	8.723244E-15
1793.113	4.101042E-14	4.078033E-14	1.166459E-14	5.623840E-15	1.002817E-14	6.009281E-15
1801.227	2.620230E-14	7.571202E-16	6.509278E-15	4.345091E-15	4.346813E-15	5.076523E-15
1809.240	2.758282E-14	5.419809E-15	1.034700E-14	8.106607E-15	3.374845E-15	8.109438E-15
1817.351	1.806079E-14	2.847562E-15	1.443250E-14	4.326408E-15	7.275742E-15	5.840405E-15
1825.471	2.390537E-14	4.941938E-15	1.606572E-14	3.072722E-16	1.591676E-15	4.653594E-15
1833.585	1.862715E-14	1.324274E-14	1.351708E-14	1.941968E-15	8.911172E-15	8.655153E-15
1841.606	1.722697E-14	7.347027E-15	1.819648E-14	2.736945E-15	1.134453E-14	2.813518E-15
1849.721	3.213341E-15	1.353379E-14	1.547281E-14	1.438826E-14	1.195859E-14	8.699401E-15
1857.838	1.080815E-14	5.948811E-15	7.298846E-15	7.816542E-15	7.480751E-15	7.300569E-15
1865.864	3.091809E-14	1.689856E-14	1.573633E-14	5.345570E-15	5.075171E-15	6.781277E-15
1873.883	1.346693E-14	9.020560E-15	1.277864E-14	8.574163E-16	7.524261E-15	7.075521E-15
1882.007	5.030432E-14	1.195662E-14	5.066812E-15	2.509317E-15	1.142442E-14	2.755504E-15
1890.026	2.743729E-14	5.697093E-15	2.060058E-14	3.850501E-15	6.979037E-15	3.857752E-15
1898.141	4.944298E-14	9.569228E-15	1.060953E-14	2.118963E-16	5.577625E-15	1.164320E-14
1906.261	3.362800E-15	1.642265E-14	1.492316E-14	7.602187E-15	3.418110E-15	9.512075E-15
1914.379	2.335867E-14	2.533506E-14	1.683759E-14	8.929118E-15	6.694871E-15	3.665033E-15
1922.392	6.265426E-15	1.466653E-14	2.180903E-15	1.202004E-14	7.461334E-15	1.160289E-14
1930.603	2.314235E-14	6.053041E-15	1.320341E-14	1.090894E-14	6.842116E-15	4.078622E-15
1938.616	2.068810E-14	3.104394E-14	6.768863E-15	3.494066E-15	4.592137E-15	7.637464E-15
1946.729	2.639110E-15	1.414735E-14	3.325435E-15	3.700062E-15	6.474620E-15	6.692655E-15
1954.855	4.805066E-14	1.288286E-14	4.452268E-15	6.827860E-15	4.039537E-15	7.409344E-15
1962.871	3.361620E-14	1.571076E-14	1.770288E-14	2.207452E-15	9.142487E-15	9.266874E-15
1970.983	4.479406E-14	7.116943E-15	2.959657E-15	5.575658E-15	6.361540E-15	7.485299E-15
1979.099	7.109862E-14	1.422799E-14	2.249143E-14	5.826884E-15	1.038903E-14	9.433781E-15
1987.214	3.775774E-15	3.077650E-15	3.234974E-15	1.417341E-14	9.390024E-15	5.164406E-15
1995.228	2.850316E-14	2.009814E-15	4.117955E-15	1.028849E-14	7.427164E-15	8.119147E-15
2003.351	1.743542E-14	1.383664E-14	1.021819E-14	1.371619E-14	7.848008E-15	8.304981E-15
2011.466	5.982241E-15	9.990083E-16	4.338208E-15	2.291620E-14	6.768125E-15	3.621891E-15
2019.574	3.221994E-14	3.565747E-14	1.770288E-14	1.558442E-14	5.866953E-15	8.308300E-15
2027.590	7.307697E-15	8.251641E-15	6.221178E-15	3.584527E-15	5.378756E-15	8.855128E-15
2035.698	7.024515E-15	8.701979E-15	2.671557E-14	8.943376E-15	5.393753E-15	1.066705E-14
2043.721	1.266851E-14	2.606268E-14	1.116902E-14	4.875076E-15	5.716758E-15	6.376902E-15
2051.835	5.311649E-14	3.966528E-15	1.662619E-14	7.711823E-15	9.250648E-15	6.411689E-15
2059.852	1.489071E-14	8.320470E-15	2.320528E-15	1.288532E-14	6.648905E-15	4.472916E-15
2067.966	1.000973E-14	3.006264E-14	1.476780E-14	6.615961E-15	8.812105E-15	8.241438E-15
2076.084	3.870168E-15	2.201748E-14	1.648853E-14	2.104699E-15	7.354403E-15	5.279694E-15
2084.094	2.484145E-14	2.916983E-14	1.104611E-14	1.505738E-14	4.409741E-15	6.842854E-15
2092.214	2.563594E-14	2.961623E-14	8.259500E-16	2.964081E-15	9.946804E-15	3.377671E-15
2100.330	4.818832E-14	1.174226E-14	1.989755E-14	2.157157E-14	6.878744E-15	6.000309E-15
2108.440	2.595059E-14	3.940965E-15	6.617441E-16	2.141720E-14	7.193394E-15	6.210976E-15
2116.457	7.044179E-15	1.983265E-14	2.987975E-14	1.224173E-16	4.761999E-15	6.695974E-15
2124.568	1.393497E-14	1.943934E-14	6.687249E-15	1.005891E-15	8.284580E-15	6.197826E-15
2132.688	1.415916E-15	9.250648E-15	2.641076E-15	6.066804E-15	4.038555E-15	1.161505E-14
2140.707	5.021781E-14	2.499681E-14	1.846983E-14	1.306527E-14	6.683069E-15	8.234432E-15
2148.820	1.128013E-14	5.059930E-15	7.364723E-16	1.437105E-14	6.801066E-15	7.623081E-15
2156.939	4.814113E-14	1.696935E-14	1.087797E-14	3.194168E-15	7.513692E-15	6.551560E-15
2164.953	1.401756E-14	1.600968E-14	6.597778E-16	1.438040E-14	8.822674E-15	5.242327E-15
2173.071	1.681793E-14	2.609217E-14	1.844623E-15	4.682352E-15	7.568018E-15	6.676066E-15
2181.282	3.292396E-14	1.187796E-14	7.006815E-15	1.652000E-14	7.296389E-15	4.848528E-15
2189.391	3.917759E-14	8.495494E-15	3.030452E-15	8.780641E-15	9.220897E-15	4.931367E-15
2197.406	6.619406E-15	7.535818E-15	1.638136E-15	1.460359E-14	9.236146E-15	5.015069E-15
2205.525	3.334087E-14	9.311610E-15	9.442387E-15	2.072644E-14	1.209433E-16	5.111799E-15
2213.642	7.563349E-15	1.726434E-14	7.714774E-15	1.567830E-15	4.685797E-15	8.566902E-15
2221.659	1.208248E-14	2.460152E-15	9.406006E-15	6.756081E-15	8.806699E-15	6.617317E-15
2229.774	1.816698E-14	5.883916E-15	5.571234E-15	2.131248E-15	7.050324E-15	8.147659E-15
2237.889	1.489858E-14	1.385827E-14	6.120885E-15	7.785568E-15	1.102447E-14	1.004587E-14
2246.001	1.225947E-14	2.694162E-16	1.304412E-14	2.143545E-16	6.594330E-15	8.037533E-15
2254.023	2.024366E-14	1.811192E-14	1.420439E-14	3.641066E-15	5.468727E-15	7.615585E-15
2262.139	3.343133E-14	4.200547E-15	1.330960E-14	8.983197E-15	5.832294E-15	7.882174E-15
2270.161	4.415689E-14	1.467635E-14	1.912469E-14	2.207943E-15	9.634863E-15	5.929638E-15
2278.178	5.860317E-15	2.516003E-14	6.044189E-15	1.264000E-14	9.722129E-16	8.860896E-15
2286.297	1.941771E-14	3.611174E-14	6.395217E-15	7.498452E-15	3.120913E-15	5.904194E-15
2294.413	5.255013E-14	1.256035E-14	9.164119E-16	9.872078E-15	6.964043E-15	7.606736E-15
2302.428	2.910100E-14	1.167934E-14	8.603647E-16	2.117826E-14	9.656004E-15	5.554274E-15
2310.543	2.010600E-14	2.848153E-14	4.265347E-14	5.351473E-15	4.029460E-15	3.579981E-15
2318.660	3.197607E-15	1.780907E-14	1.720927E-14	5.324441E-16	9.401827E-15	6.838676E-15
2326.783	1.877661E-14	9.545630E-15	1.314441E-14	3.505374E-15	9.598969E-15	8.451738E-15
2334.800	6.115181E-14	1.101267E-14	1.758094E-15	1.705982E-14	1.250627E-14	4.269871E-15
2342.919	2.379525E-14	1.394677E-14	2.365169E-14	3.717761E-15	5.356634E-15	8.475585E-15
2351.028	2.318955E-14	1.737840E-14	3.024061E-14	5.917347E-15	5.216764E-15	2.888860E-15
2359.048	7.677407E-15	3.675481E-15	6.428651E-15	1.006382E-14	9.139537E-15	8.282000E-15
2367.164	3.096135E-14	1.980315E-15	2.469987E-15	6.332778E-15	1.302642E-14	6.659226E-15
2375.281	5.573199E-15	7.000915E-15	1.588185E-14	4.919813E-15	1.092689E-14	5.423375E-15
2383.305	6.937985E-15	2.656021E-14	8.985165E-15	6.353921E-15	4.783384E-15	4.972419E-15
2391.425	1.706178E-14	1.057807E-14	1.586711E-14	1.640594E-14	3.581824E-15	4.485697E-15
2399.541	9.278179E-15	9.635935E-17	2.377853E-14	1.266949E-15	8.399377E-15	9.235896E-15
2407.561	8.283105E-15	8.804241E-15	1.382976E-14	1.739314E-14	1.603672E-14	7.328960E-15
2415.682	6.424716E-14	4.719706E-16	1.323193E-14	4.959636E-15	1.047015E-14	7.135993E-15
2423.805	2.306369E-14	8.076619E-15	1.807062E-14	2.531932E-15	6.816061E-15	1.156602E-14
2431.917	1.794280E-14	3.219831E-14	1.334795E-14	5.598767E-15	1.043992E-14	8.638313E-15
2439.930	1.638136E-14	1.451707E-14	1.943147E-14	6.671520E-15	6.127521E-15	5.492940E-15
2448.039	5.315189E-14	2.478835E-14	5.994042E-15	2.096637E-14	4.087965E-15	1.213545E-14
2456.155	2.762608E-14	8.406999E-15	1.396250E-14	3.646473E-15	6.016903E-15	4.318910E-15
2464.169	1.749835E-14	3.035762E-14	2.259860E-14	8.967466E-15	1.054537E-14	1.335213E-14
2472.291	6.473882E-15	8.745244E-15	1.671665E-14	1.133912E-14	1.189000E-14	3.862793E-15
2480.408	4.622178E-14	2.566936E-14	9.926156E-15	8.850454E-15	3.606896E-15	8.125169E-15
2488.523	3.030846E-14	5.524037E-15	3.408028E-15	1.405296E-14	4.895725E-15	7.499189E-15
2496.540	2.188377E-14	2.431441E-14	1.558982E-14	7.079577E-15	3.504146E-15	7.992424E-15
2504.662	6.542316E-14	4.420213E-14	2.053667E-14	1.190450E-14	1.134699E-14	8.050318E-15
2512.779	1.894967E-14	5.787555E-15	2.147373E-14	5.409486E-15	1.433713E-14	8.300803E-15
2520.794	4.040866E-14	1.502247E-14	1.044237E-15	2.697615E-15	7.363989E-15	8.632414E-15
2528.912	1.045024E-14	1.138632E-15	5.023550E-15	3.844589E-16	7.721167E-15	1.140303E-14
2537.029	3.962990E-14	1.658194E-14	2.086214E-14	1.640053E-14	1.030988E-14	9.759861E-15
2545.044	2.141179E-14	2.307746E-14	3.229073E-15	7.964523E-15	4.217264E-15	3.169461E-15
2553.162	1.214934E-14	2.511480E-14	3.963580E-15	5.813120E-15	8.133402E-15	5.130971E-15
2561.275	2.648549E-14	2.337047E-14	1.346201E-14	9.222135E-15	9.281377E-15	2.851744E-15
2569.291	4.915193E-14	3.729560E-14	4.344108E-15	1.921320E-15	4.074444E-15	7.126778E-15
2577.408	5.561401E-15	1.749639E-14	6.706916E-15	4.741842E-15	1.191507E-14	9.954056E-15
2585.521	2.773228E-14	1.742166E-14	1.727613E-15	1.022655E-14	3.273813E-15	8.442396E-15
2593.639	4.799167E-14	2.259565E-14	2.396241E-15	1.840002E-14	7.555973E-15	2.379280E-15
2601.658	1.614144E-14	1.655834E-14	5.210373E-15	1.466653E-14	9.744006E-15	3.779832E-15
2609.777	3.408423E-14	1.219260E-15	5.834751E-15	9.355370E-15	2.247520E-15	1.030668E-14
2617.895	2.579719E-14	1.582089E-14	1.634104E-14	5.104670E-15	1.045172E-14	4.371149E-15
2625.915	7.626278E-15	3.595246E-14	2.792499E-15	8.261964E-15	7.382426E-15	7.030902E-15
2634.029	2.166744E-14	2.451500E-14	3.188760E-15	2.273970E-14	6.957897E-15	3.877421E-15
2642.149	7.181837E-15	7.732470E-15	3.015801E-14	7.110551E-15	9.506054E-15	8.268725E-15
2650.175	1.856816E-14	1.253872E-14	1.103038E-14	7.128249E-15	1.425305E-14	4.634419E-15
2658.291	3.717172E-14	3.277254E-14	1.698804E-14	2.370035E-14	4.193421E-15	8.346650E-15
2666.407	3.225140E-14	1.620830E-14	4.024543E-15	1.330665E-14	6.657261E-15	7.533605E-15
2674.426	1.809619E-14	2.070383E-14	1.133421E-14	2.800858E-15	9.227294E-15	7.077365E-15
2682.550	5.039872E-14	7.352927E-15	1.370390E-14	6.824909E-15	1.353724E-14	6.202497E-15
2690.669	1.508343E-14	6.469946E-15	5.562384E-15	1.827908E-14	2.539306E-15	5.299114E-15
2698.685	1.404116E-14	3.297706E-14	1.653278E-14	3.108131E-15	1.430763E-14	8.878233E-15
2706.804	2.021614E-15	5.376545E-15	5.820001E-15	2.095653E-14	7.050817E-15	5.320253E-15
2714.923	2.733110E-14	1.573240E-14	3.011767E-15	1.515324E-14	6.664389E-15	7.420651E-15
2723.047	3.162212E-15	9.527931E-15	5.933081E-15	1.310509E-14	5.024043E-15	6.777343E-15
2731.070	1.113460E-14	3.677447E-15	1.569700E-14	3.742835E-15	8.828087E-15	4.990732E-15
2739.185	3.562994E-14	1.885134E-14	1.974415E-15	5.092872E-15	1.020148E-15	1.031947E-14
2747.204	1.333320E-15	7.335228E-15	4.454234E-15	1.858390E-16	4.087719E-15	1.004513E-14
2755.322	8.928120E-16	1.471372E-14	1.277766E-14	4.048632E-15	1.233002E-14	1.127718E-14
2763.440	5.420990E-14	5.669563E-15	1.983265E-15	7.945353E-15	5.160718E-15	7.230386E-15
2771.565	1.887494E-14	9.124789E-15	1.957405E-14	8.688217E-15	9.198779E-15	4.911825E-15
2779.588	7.176332E-14	7.616445E-15	2.547959E-14	4.072232E-15	1.251807E-14	1.011323E-14
2787.700	1.122113E-14	8.292940E-15	2.445699E-14	5.060914E-15	3.389839E-15	5.737651E-15
2795.816	1.861142E-14	3.983049E-14	1.044238E-14	1.740740E-14	1.063240E-14	7.040371E-15
2803.838	3.366734E-15	8.886838E-15	1.581007E-14	5.644979E-15	6.544432E-15	1.169703E-14
2811.959	8.145446E-15	1.370095E-14	1.709620E-14	9.005811E-15	5.579347E-15	1.900176E-15
2820.082	1.633809E-14	2.532129E-14	8.630203E-15	1.229290E-14	7.171266E-15	7.196586E-15
2828.095	3.291217E-14	1.830071E-14	9.256545E-15	9.221638E-15	5.921035E-15	2.894391E-15
2836.218	1.266458E-15	5.938979E-15	2.462118E-15	1.405935E-14	1.156085E-14	8.503730E-15
2844.341	1.146105E-14	1.561440E-14	1.445020E-14	6.174957E-16	1.275577E-14	1.059970E-14
2852.457	2.004307E-14	2.609611E-14	1.560555E-14	7.423232E-15	1.221177E-14	6.508662E-15
2860.477	5.018634E-14	3.354540E-14	8.540724E-15	1.157659E-14	9.817995E-15	5.984209E-15
2868.592	6.257560E-15	1.741183E-14	2.512266E-14	5.051082E-15	4.389091E-15	5.402110E-15
2876.709	3.314815E-14	2.734094E-14	3.610586E-15	8.602178E-15	6.428648E-15	6.339171E-15
2884.725	2.695746E-14	7.020580E-15	1.706571E-14	1.095171E-14	4.689236E-15	7.789373E-15
2892.851	1.641675E-14	3.732511E-14	1.229880E-14	1.032635E-14	5.774526E-15	4.241847E-15
2900.967	2.167137E-15	1.431648E-14	2.876080E-15	9.841596E-15	7.319249E-15	9.002868E-15
2909.085	2.789747E-14	1.984248E-15	1.488776E-14	4.231524E-15	6.357853E-15	5.931971E-15
2917.100	3.095348E-15	2.571657E-14	2.282181E-15	1.142958E-14	8.999175E-15	1.142786E-14
2925.224	3.690426E-14	3.343341E-17	1.955340E-14	5.511261E-16	1.021844E-14	8.436619E-15
2933.344	2.632423E-14	1.190352E-14	2.333309E-15	6.136127E-15	5.248227E-15	8.886218E-15
2941.368	1.629876E-14	2.211188E-14	2.158288E-15	1.590939E-15	7.126777E-15	5.678165E-15
2949.481	1.339220E-14	2.855429E-14	1.222014E-14	1.586514E-14	6.551558E-15	6.638212E-15
2957.598	2.876275E-14	3.484725E-15	1.372750E-14	1.353625E-14	4.680388E-15	6.696590E-15
2965.618	2.403910E-14	8.149379E-15	1.415326E-14	5.584017E-15	5.220451E-15	1.092885E-14
2973.741	1.416702E-14	2.354157E-14	2.098898E-14	1.896147E-14	3.571738E-16	1.039568E-14
2981.856	2.227314E-14	3.021800E-14	3.184433E-14	1.261836E-14	6.585482E-15	4.026016E-15
2989.872	8.574146E-16	8.757043E-15	4.307725E-15	2.559957E-15	7.602925E-15	8.616557E-15
2997.890	8.475827E-15	2.584242E-14	1.853374E-14	1.470000E-16	1.567095E-15	9.793905E-15
3006.101	1.242466E-14	1.267637E-14	7.970424E-15	2.493585E-15	8.311129E-15	6.903448E-15
3014.116	5.148426E-15	8.550558E-15	1.805784E-14	2.120432E-15	4.953736E-15	7.770576E-15
3022.230	1.574419E-14	2.487292E-14	8.983198E-15	5.778212E-15	3.122144E-15	7.268239E-15
3030.345	3.035959E-14	2.045015E-14	9.774731E-15	5.353929E-15	2.901152E-15	8.268110E-15
3038.461	3.358866E-15	1.678647E-14	2.046489E-14	5.584508E-15	1.048908E-14	5.258920E-15
3046.475	3.027306E-14	6.039273E-15	1.346201E-14	1.391727E-14	5.385148E-15	5.308208E-15
3054.591	4.128967E-14	1.367538E-14	3.121896E-15	1.643838E-14	4.391550E-15	1.053272E-14
3062.707	2.546288E-14	1.235190E-14	8.018605E-15	1.078849E-14	7.774263E-15	9.030881E-15
3070.823	1.975202E-14	1.183666E-14	1.322307E-14	8.048100E-15	8.596032E-15	8.877618E-15
3078.839	2.892007E-14	1.592905E-14	4.734465E-15	2.811231E-14	4.117462E-15	7.416105E-15
3086.961	2.476672E-14	4.519131E-15	6.344087E-15	7.108093E-15	5.347048E-15	8.793180E-15
3095.076	5.439476E-15	1.958684E-15	6.038288E-15	1.974415E-15	7.906514E-15	6.495268E-15
3103.089	7.291964E-15	1.624763E-14	2.494568E-15	1.468029E-14	1.130275E-15	1.093119E-14
3111.201	1.046204E-14	1.480615E-14	1.888871E-14	7.777702E-15	3.485462E-15	6.287307E-15
3119.318	1.360851E-15	8.294906E-15	7.646926E-15	2.167629E-15	9.935497E-15	7.138819E-15
3127.339	2.172251E-14	3.075683E-15	1.891132E-14	1.836068E-14	2.985221E-15	5.108725E-15
3135.461	9.230981E-15	2.153373E-15	2.664772E-14	8.590379E-15	8.410440E-15	6.852809E-15
3143.576	2.792500E-15	1.740986E-14	7.756070E-15	1.572551E-14	1.244433E-14	1.193978E-14
3151.600	2.600958E-14	3.017670E-14	1.163706E-14	1.287991E-14	7.486653E-15	7.540244E-15
3159.722	1.730566E-16	2.055437E-14	4.034377E-15	1.228012E-14	4.539779E-15	8.256433E-15
3167.838	6.674468E-15	2.308335E-14	5.792471E-15	9.222623E-15	3.966283E-15	6.381577E-15
3175.850	2.556907E-14	2.511873E-14	4.967503E-15	5.642031E-15	8.965991E-15	7.142505E-15
3183.970	3.737230E-14	1.644034E-15	1.158691E-14	8.344559E-15	3.876559E-15	5.019863E-15
3192.086	3.724644E-14	1.612568E-16	1.664389E-14	6.319997E-15	3.689492E-15	7.154429E-15
3200.205	4.790514E-15	3.079813E-14	2.386604E-14	6.880464E-15	5.767150E-15	8.677647E-15
3208.219	5.321483E-15	1.677073E-14	1.833217E-14	2.197078E-14	7.465760E-15	5.959258E-15
3216.333	3.084729E-14	1.802539E-14	4.880974E-15	1.429189E-15	1.147432E-14	7.940679E-15
3224.450	4.138406E-14	3.366733E-15	2.039607E-14	4.827877E-15	4.956687E-15	6.037179E-15
3232.467	2.337834E-14	1.982675E-14	1.062527E-14	1.701360E-14	7.253124E-15	1.878669E-15
3240.587	2.798399E-14	3.664665E-14	1.440005E-14	5.103686E-15	1.075555E-14	7.779054E-15
3248.709	1.303822E-14	1.442857E-14	1.480517E-14	5.854908E-15	5.127777E-15	5.268632E-15
3256.723	3.486298E-14	2.737830E-14	2.702235E-14	1.464586E-15	8.278192E-15	4.171666E-15
3264.843	1.905193E-14	6.932086E-15	1.517291E-14	7.820967E-15	8.051790E-15	7.512219E-15
3272.955	9.840613E-15	3.667614E-15	9.117906E-15	1.446298E-14	3.733492E-15	7.866936E-15
3281.075	2.927799E-14	8.837671E-15	7.708869E-16	5.500932E-15	1.246497E-14	9.793413E-15
3289.093	1.304216E-14	6.973384E-15	1.412671E-14	7.265415E-15	2.686798E-15	5.927918E-15
3297.211	2.596239E-14	1.350823E-14	1.290351E-14	1.041777E-15	1.280666E-14	7.506320E-15
3305.326	9.360774E-16	1.761831E-14	1.315621E-14	1.088975E-15	4.453496E-15	1.250775E-14
3313.347	1.211001E-14	4.357874E-15	2.169399E-14	1.061249E-14	1.217368E-14	9.783828E-15
3321.464	2.753956E-14	6.585973E-15	2.266448E-15	5.017158E-15	1.482532E-15	8.405279E-15
3329.587	2.618657E-14	3.354343E-14	9.972372E-15	4.013728E-15	5.283628E-15	1.001404E-14
3337.613	3.602718E-14	1.929775E-14	1.016116E-14	3.784133E-15	4.155318E-15	4.481888E-15
3345.736	3.087482E-15	3.472533E-14	3.021603E-15	3.232024E-15	5.029202E-15	1.053628E-14
3353.852	4.197796E-14	1.674320E-14	2.761036E-15	6.435536E-15	7.308433E-15	6.469088E-15
3361.868	4.363380E-14	4.042635E-14	8.224110E-15	7.976324E-15	9.751871E-15	4.456077E-15
3369.982	1.132732E-15	4.147452E-15	1.569306E-14	6.901114E-15	8.258769E-15	7.451010E-15
3378.101	1.151611E-14	2.616691E-14	3.943914E-15	1.295661E-14	1.054488E-14	1.131011E-14
3386.117	1.955143E-14	1.877071E-14	6.439465E-15	1.242367E-15	1.644060E-14	6.690073E-15
3394.238	3.787574E-15	6.281158E-15	4.852462E-15	7.842106E-15	7.654545E-15	5.347784E-15
3402.354	2.042459E-14	1.906373E-14	2.123283E-14	1.857405E-15	5.832540E-15	7.217233E-15
3410.370	1.553574E-15	2.701842E-14	3.267422E-15	1.062330E-14	5.518628E-15	7.169425E-15
3418.486	1.911879E-14	1.650918E-14	3.733493E-15	6.194631E-15	2.664182E-15	5.845566E-15
3426.621	3.582266E-14	2.477851E-15	2.581587E-14	2.475394E-15	1.199816E-14	8.052038E-15
3434.635	3.127600E-14	2.206468E-14	9.507281E-15	8.436496E-15	7.400127E-15	8.710581E-15
3442.756	6.047139E-14	1.705785E-14	1.008250E-14	6.973384E-15	5.464549E-15	7.380582E-15
3450.871	3.349820E-14	1.533922E-16	1.206970E-14	6.491579E-15	1.064567E-14	4.176828E-15
3458.883	1.436367E-14	2.938025E-15	6.335237E-15	6.458148E-15	4.166135E-15	9.014050E-15
3467.003	1.412376E-14	2.555137E-14	5.663659E-16	5.925215E-15	1.070909E-14	9.127860E-15
3475.127	2.785421E-14	1.031848E-14	2.025540E-16	7.161189E-15	8.483204E-15	7.849852E-15
3483.146	6.902588E-15	1.118376E-14	1.451018E-14	5.243802E-15	2.207698E-15	8.737132E-15
3491.261	9.793415E-15	7.891762E-15	4.168101E-15	8.674450E-15	1.112797E-14	8.335960E-15
3499.377	2.569493E-14	7.673476E-15	1.692019E-14	1.032094E-14	7.898154E-15	5.883913E-15
3507.490	2.332327E-15	1.115427E-14	4.131720E-15	3.762992E-15	2.248258E-15	1.490743E-14
3515.416	2.079429E-14	7.124807E-15	1.905586E-14	4.439480E-16	3.272338E-15	5.559066E-15
3523.538	5.275858E-14	1.975596E-14	5.998020E-17	2.134100E-14	5.301325E-15	6.293817E-15
3531.753	2.911279E-14	2.146882E-14	2.134001E-14	7.134150E-15	9.084965E-15	3.774178E-15
3539.669	1.620437E-14	4.975376E-16	3.275288E-15	1.933511E-14	8.518602E-15	5.921649E-15
3547.788	3.382464E-14	2.241079E-14	7.885876E-16	9.449268E-15	9.317756E-15	7.873326E-15
3555.999	5.702993E-15	1.620437E-14	1.481008E-14	1.501461E-15	5.286084E-15	5.768874E-15
3564.010	7.362760E-15	1.185828E-15	9.329311E-15	2.000964E-14	3.450065E-15	8.249428E-15
3572.119	2.208828E-14	3.436938E-14	4.809195E-15	1.113362E-14	1.124989E-14	6.586834E-15
3580.238	3.568107E-14	4.125819E-15	7.613496E-15	3.489150E-15	1.078404E-15	8.537159E-15
3588.258	3.704192E-14	1.646199E-14	1.574518E-14	7.617430E-15	8.062359E-15	8.812721E-15
3596.278	1.744723E-14	1.563013E-14	9.527935E-16	4.772324E-15	2.957690E-15	6.025996E-15
3604.399	3.691999E-14	2.645007E-15	4.814111E-15	4.839678E-15	6.317291E-15	8.291953E-15
3612.610	6.989114E-15	3.522090E-15	1.451608E-14	5.586965E-15	9.768589E-15	4.919939E-15
3620.622	1.785627E-15	5.585001E-15	2.073234E-14	4.641068E-16	6.725108E-15	7.213798E-15
3628.645	4.425523E-14	3.091809E-14	7.423723E-15	1.493938E-14	4.159498E-15	7.139557E-15
3636.766	2.017680E-14	1.355936E-14	3.864273E-16	1.076686E-14	1.027252E-14	6.236420E-15
3644.980	1.241679E-14	2.040098E-14	1.131749E-15	8.025486E-15	1.350405E-14	1.221830E-14
3653.000	4.983236E-15	1.014738E-15	1.550329E-14	7.334245E-15	1.172850E-14	8.647037E-15
3661.011	3.567322E-15	2.401550E-14	6.835724E-15	5.810663E-15	1.359476E-14	1.218118E-14
3669.227	4.727584E-15	3.155918E-14	2.166842E-14	2.244816E-15	1.141779E-14	6.176930E-15
3677.147	2.198602E-14	2.042261E-14	1.269801E-14	4.967993E-15	5.960360E-15	6.834987E-15
3685.266	1.015526E-14	3.588952E-14	1.779137E-14	1.073342E-14	8.509507E-15	2.752062E-15
3693.383	6.076638E-15	3.937032E-14	1.721321E-14	1.773336E-14	5.839914E-15	5.341640E-15
3701.498	2.574213E-14	1.796049E-14	2.765951E-15	3.003904E-15	3.552080E-15	8.721649E-15
3709.520	1.579139E-14	1.492021E-14	2.319939E-14	7.538276E-15	1.117713E-14	6.337084E-15
3717.733	1.638529E-14	3.354934E-15	1.352986E-14	1.134060E-14	8.472879E-15	1.186886E-14
3725.648	3.648735E-14	3.035369E-14	1.841771E-14	8.006806E-15	5.471187E-15	6.037181E-15
3733.763	3.282957E-14	2.019647E-15	2.325838E-14	1.060314E-14	8.255084E-15	8.340506E-15
3741.877	4.224148E-15	2.363989E-14	1.569700E-14	5.927178E-15	3.092153E-15	1.241594E-14
3749.995	4.550595E-15	1.361639E-14	5.000934E-15	1.216802E-15	7.230754E-15	7.549705E-15
3758.014	5.086283E-14	8.658717E-15	1.324078E-14	9.219183E-15	6.498953E-15	9.795873E-15
3766.127	7.952725E-15	9.264413E-15	1.577369E-14	7.215759E-15	1.345907E-14	5.301079E-15
3774.246	2.161631E-14	1.390154E-14	8.849461E-16	1.743739E-14	9.426407E-15	1.434290E-14
3782.362	5.671921E-14	9.024492E-15	9.011713E-15	7.695598E-15	1.183322E-14	8.775356E-15
3790.382	1.371865E-14	7.299831E-15	3.632216E-15	5.603681E-15	2.926472E-15	5.649650E-15
3798.510	4.579700E-14	1.089665E-14	3.672530E-15	1.277520E-14	6.952980E-15	4.144626E-15
3806.628	4.880976E-15	3.012754E-15	2.247471E-14	1.552295E-14	9.427640E-15	7.789624E-15
3814.649	2.606464E-14	2.329377E-14	4.197599E-15	1.193695E-14	8.262456E-15	6.065453E-15
3822.765	2.468020E-14	3.186399E-14	2.553565E-15	4.312151E-15	6.476338E-15	5.773174E-15
3830.878	1.281797E-14	2.851496E-16	1.265671E-14	1.258051E-14	2.540043E-15	6.280545E-15
3838.895	3.996029E-15	7.407991E-15	1.978152E-14	1.343645E-14	2.249486E-15	8.504096E-15
3847.017	1.153971E-14	2.492404E-14	1.698705E-14	1.224181E-16	1.092172E-14	6.181112E-15
3855.130	5.264059E-14	2.930945E-14	6.065821E-15	2.340686E-15	9.620602E-15	1.159699E-14
3863.149	4.063284E-14	2.079036E-14	5.404077E-15	6.415866E-15	1.197899E-14	2.381982E-15
3871.262	8.821940E-15	2.136262E-14	9.979255E-15	4.620898E-15	8.881916E-15	6.619900E-15
3879.378	1.454067E-14	1.413556E-14	4.277246E-15	8.250164E-15	1.117540E-14	2.300248E-15
3887.502	4.017660E-14	1.904210E-14	1.815322E-14	1.051464E-14	1.316678E-14	4.548874E-15
3895.520	7.260500E-15	1.430664E-14	1.426043E-14	1.082290E-14	1.361491E-14	3.695761E-15
3903.632	1.196842E-14	9.087423E-15	2.152781E-14	1.524370E-14	3.867957E-15	7.413763E-15
3911.749	3.036746E-14	1.492610E-15	5.438492E-15	6.951259E-15	8.155770E-15	7.502383E-15
3919.770	8.688216E-15	1.536858E-14	5.396211E-15	1.119802E-14	1.690003E-15	1.387007E-14
3927.880	2.148258E-14	1.343154E-15	4.992084E-15	1.145269E-14	7.231986E-15	6.364740E-15
3935.998	5.310863E-14	4.601725E-15	8.437479E-15	9.139537E-15	1.657062E-15	1.041398E-14
3944.016	1.185436E-14	7.327363E-15	2.188769E-14	2.288081E-15	5.554519E-15	1.417194E-14
3952.141	1.453673E-14	9.205416E-15	1.111494E-14	5.536819E-15	4.660229E-15	1.174411E-14
3960.260	2.046391E-14	3.309702E-15	1.675500E-14	1.512325E-14	1.513161E-14	5.258308E-15
3968.276	9.002862E-15	2.378738E-14	9.742288E-15	8.218208E-15	8.159457E-15	3.843251E-15
3976.396	3.360046E-14	1.561834E-14	9.100206E-15	9.324394E-15	6.483713E-15	8.593819E-15
3984.516	4.444377E-16	2.513247E-15	1.593790E-14	1.412474E-15	7.182329E-15	6.408000E-15
3992.632	3.691999E-14	2.941959E-15	1.540890E-14	1.258739E-14	5.503389E-15	6.885383E-15
4000.646	1.585039E-15	1.761832E-14	7.905528E-15	5.683317E-16	9.597743E-15	1.074953E-14
4008.766	1.392317E-14	1.268424E-15	7.424707E-15	1.737741E-14	4.949066E-15	8.100462E-15
4016.883	2.790927E-14	7.278198E-15	1.171473E-14	4.260529E-15	1.260065E-15	8.431213E-15
4024.899	1.523289E-14	9.673455E-15	1.917779E-14	1.510212E-14	5.097049E-15	6.588920E-15
4033.017	2.739403E-14	1.636759E-14	2.144030E-14	7.286057E-16	7.525492E-15	6.361420E-15
4041.134	2.414923E-15	2.916393E-14	9.313577E-15	1.473290E-14	1.096056E-14	3.610091E-15
4049.152	1.564586E-14	3.037335E-14	2.209812E-14	2.818557E-15	9.588893E-15	9.435501E-15
4057.264	1.515816E-14	1.375798E-14	1.295169E-14	1.373929E-14	4.243074E-15	9.799926E-15
4065.378	2.492404E-14	1.135289E-14	1.192024E-14	5.565336E-15	8.406754E-15	6.515673E-15
4073.393	9.813081E-15	1.429682E-15	1.436171E-14	5.644979E-15	7.549091E-15	8.321453E-15
4081.505	1.025752E-14	1.626926E-14	1.790543E-14	2.684831E-15	1.008299E-14	9.840853E-15
4089.617	1.428108E-14	3.134679E-15	5.503386E-15	5.491097E-15	9.310872E-15	8.521920E-15
4097.633	4.069577E-14	2.369495E-14	4.408020E-15	1.604214E-15	1.215966E-14	1.257731E-15
4105.753	5.105161E-15	8.373564E-15	8.919284E-15	3.529958E-15	4.897938E-15	7.115100E-15
4113.874	2.520330E-14	3.113441E-14	7.488619E-15	2.614036E-15	4.368689E-15	8.140158E-15
4121.993	8.994996E-15	1.854456E-14	2.098996E-14	5.459633E-15	1.460089E-14	5.251546E-15
4130.010	3.756895E-14	5.388335E-16	1.062920E-14	1.263410E-14	6.376781E-15	1.261246E-14
4138.232	2.019646E-14	1.631252E-14	2.082281E-14	1.205494E-14	7.138329E-15	4.157532E-15
4146.152	6.418817E-15	2.871161E-14	2.998988E-15	9.064319E-15	1.226168E-14	3.271848E-15
4154.276	3.706552E-14	1.797428E-15	4.049125E-15	1.069508E-14	1.576779E-14	1.296398E-14
4162.394	3.579120E-15	2.911672E-14	8.598737E-15	4.179409E-15	5.890795E-15	9.488970E-15
4170.508	1.113067E-14	1.657407E-14	2.522099E-15	2.381000E-15	4.832549E-15	1.004354E-14
4178.523	1.153185E-14	1.785234E-14	5.108114E-15	1.148367E-14	9.965486E-15	9.493269E-15
4186.641	4.955703E-15	1.687889E-14	8.829807E-15	9.573654E-15	5.820986E-15	8.815425E-15
4194.853	1.640495E-14	2.179526E-14	6.568275E-16	1.357558E-14	3.157787E-15	9.697425E-15
4202.871	1.507163E-14	9.109055E-15	1.522109E-14	1.128553E-14	1.866010E-15	6.412671E-15
4210.890	3.150019E-14	2.853463E-14	1.625353E-14	1.468570E-14	7.371609E-15	3.738779E-15
4219.105	2.149045E-14	1.993294E-14	1.449937E-14	1.152400E-15	4.390316E-16	6.363628E-15
4227.120	5.043806E-14	8.863236E-15	1.280125E-14	1.057905E-14	5.112538E-15	9.337673E-15
4235.235	1.025752E-14	1.732530E-14	6.518129E-15	1.684201E-14	5.252899E-15	3.552078E-15
4243.350	3.033599E-14	3.145102E-14	8.227058E-15	1.737102E-14	4.484223E-15	1.071253E-14
4251.367	6.182831E-14	2.557104E-14	1.227028E-14	7.347521E-15	1.033446E-14	1.364515E-14
4259.490	6.123047E-14	2.644812E-14	1.132929E-14	5.766905E-15	1.005226E-14	8.401591E-15
4267.608	2.810592E-14	8.688215E-15	1.446102E-14	3.370665E-15	1.048490E-14	8.927763E-15
4275.626	1.045024E-14	8.593820E-15	5.690210E-15	5.164651E-15	6.344827E-15	1.327519E-14
4283.743	4.029853E-14	8.078586E-15	1.525255E-14	1.765863E-14	6.885870E-15	2.490758E-15
4291.865	1.158691E-14	2.114827E-14	9.021545E-15	4.124346E-15	8.996229E-15	8.660435E-15
4299.889	7.354892E-15	2.078839E-14	8.045153E-15	1.576779E-14	9.797101E-15	3.608742E-15
4308.013	6.386565E-14	3.043628E-14	1.490644E-15	9.780141E-15	6.964044E-15	8.620983E-15
4316.125	1.638136E-14	2.654842E-14	7.524018E-15	9.961062E-15	5.852697E-15	2.738911E-15
4324.232	1.540595E-14	2.198209E-14	3.343131E-16	5.475365E-15	2.468266E-15	5.430382E-15
4332.248	1.681400E-14	1.788970E-14	2.942843E-14	2.843629E-15	1.051465E-14	5.321358E-15
4340.369	3.600359E-14	1.980317E-15	2.359072E-14	1.167147E-14	5.735931E-15	7.007797E-15
4348.481	2.445994E-14	2.127805E-15	7.551549E-15	1.066411E-14	8.022536E-15	9.628717E-15
4356.506	3.529562E-14	1.144335E-14	1.262918E-14	5.938967E-16	4.464559E-15	6.099131E-15
4364.622	1.544135E-14	3.498490E-15	1.049744E-14	1.786364E-14	2.330606E-15	8.771179E-15
4372.747	1.427716E-15	9.063825E-15	2.110304E-14	8.892243E-15	8.591608E-15	7.920768E-15
4380.759	1.526829E-14	1.221424E-14	5.535823E-16	1.063117E-14	2.422051E-15	1.092553E-14
4388.879	4.307529E-14	1.282583E-14	1.812175E-14	1.088829E-14	7.351945E-15	9.362127E-15
4397.001	4.575767E-14	1.966156E-14	9.584961E-15	6.816552E-15	4.629749E-15	7.671507E-15
4405.023	6.682333E-15	3.234581E-14	4.558462E-15	1.011642E-14	3.459652E-15	7.855502E-15
4413.146	3.994061E-14	1.791526E-14	1.562325E-14	7.635620E-15	7.521316E-15	8.229393E-15
4421.260	9.879941E-15	1.036370E-15	7.981240E-15	1.157609E-14	8.438217E-15	5.006834E-15
4429.276	1.982675E-14	1.004120E-14	9.696072E-15	4.487664E-15	6.080324E-15	7.552531E-15
4437.391	2.676867E-14	2.208238E-14	5.308698E-15	8.765901E-16	4.895479E-15	7.947438E-15
4445.509	1.742364E-15	6.762963E-15	2.155338E-14	3.425385E-14	6.015183E-15	3.225632E-15
4453.524	6.029833E-14	3.473909E-14	1.651803E-14	3.243332E-15	9.296616E-15	7.942277E-15
4461.636	1.693199E-14	2.042064E-14	1.052104E-15	1.704555E-14	6.688973E-15	5.743921E-15
4469.758	2.118760E-14	2.552582E-15	2.187589E-14	5.410467E-15	1.238090E-14	5.272441E-15
4477.786	2.458187E-14	3.736449E-16	1.618470E-14	8.422238E-15	1.311590E-14	9.464633E-15
4485.903	1.556327E-14	3.852471E-15	3.388365E-15	3.913923E-15	7.286310E-15	7.183310E-15
4494.015	2.062910E-14	5.840657E-16	8.265409E-15	1.356329E-14	3.380498E-15	5.490237E-15
4502.136	2.740976E-14	1.782087E-14	3.950797E-15	1.612030E-14	4.926450E-15	8.293308E-15
4510.150	1.837150E-14	2.043245E-14	5.985192E-15	1.388679E-14	4.862539E-15	6.028824E-15
4518.265	4.424737E-15	9.657723E-15	7.385375E-15	3.858862E-15	5.455207E-15	3.131361E-15
4526.386	2.076283E-14	1.317589E-15	9.216231E-15	6.881941E-15	6.354411E-15	7.533356E-15
4534.397	2.134886E-14	2.169891E-14	1.815715E-14	1.319554E-14	1.275061E-14	1.079180E-14
4542.514	3.287677E-14	1.590937E-15	8.723613E-15	3.404097E-15	1.136125E-14	5.536205E-15
4550.635	1.800179E-14	4.208416E-16	1.661537E-14	1.959273E-14	2.056273E-15	1.254179E-14
4558.651	2.805872E-14	3.234974E-15	1.523092E-15	1.062527E-14	3.138121E-15	5.836593E-15
4566.772	2.829865E-14	5.720692E-15	9.104141E-15	7.809168E-15	6.957898E-15	6.669305E-15
4574.895	2.814525E-14	1.348659E-14	7.754103E-15	1.023786E-14	4.489631E-15	5.483230E-15
4582.912	3.437134E-14	2.292998E-15	7.906511E-15	9.172477E-15	1.296669E-14	8.387334E-15
4591.029	2.232033E-14	7.929129E-15	3.055034E-15	1.507114E-14	8.052527E-15	7.805971E-15
4599.055	3.209410E-15	1.405886E-14	6.139566E-15	5.025516E-15	1.280838E-14	9.851058E-15
4607.269	9.274247E-15	2.182867E-15	7.547617E-15	7.779669E-15	5.728803E-15	6.120639E-15
4615.284	1.591332E-14	3.463290E-14	1.094778E-14	1.019509E-14	9.308417E-15	3.696497E-15
4623.398	4.267018E-14	3.748636E-14	8.086451E-15	8.427647E-15	2.884189E-15	3.014720E-15
4631.513	2.291817E-14	3.166143E-15	1.252495E-14	1.102644E-14	1.390523E-14	4.965046E-15
4639.538	1.972448E-14	2.102634E-14	1.366752E-14	1.017788E-14	1.272259E-14	1.319309E-15
4647.657	1.275897E-14	2.283557E-14	1.608244E-14	7.195115E-15	5.772312E-15	5.986422E-15
4655.776	3.673514E-14	9.832726E-17	1.283174E-15	8.819482E-15	7.951987E-15	9.716474E-15
4663.793	5.430429E-14	3.099280E-15	2.930159E-14	5.798863E-15	1.233174E-14	7.005339E-15
4671.912	1.732923E-14	9.087425E-15	1.321619E-14	1.462867E-14	2.542012E-15	8.922848E-15
4680.027	5.585003E-16	3.478826E-15	1.652786E-14	5.856386E-15	1.129045E-14	4.879624E-15
4688.053	2.645402E-14	3.811174E-15	1.830661E-14	8.407982E-15	6.037800E-15	6.744651E-15
4696.175	1.954750E-15	1.613947E-14	1.993393E-14	6.959618E-15	9.101436E-15	6.569627E-15
4704.291	1.469406E-14	3.858370E-14	3.565058E-14	4.322477E-15	1.242417E-14	9.136836E-15
4712.310	1.369898E-14	1.493201E-14	2.824948E-15	3.733494E-15	1.119753E-14	8.604761E-15
4720.426	1.219261E-15	6.629236E-15	2.795450E-15	4.779207E-15	5.050343E-15	8.506924E-15
4728.542	2.468412E-14	7.781635E-15	1.419848E-15	1.046991E-14	1.131085E-14	1.274975E-14
4736.556	2.301256E-14	1.359279E-14	1.404117E-15	7.672983E-15	3.365996E-15	6.051811E-15
4744.672	3.629856E-14	7.315564E-15	2.174217E-14	2.391325E-15	2.379279E-15	9.025107E-15
4752.787	2.458580E-14	1.969696E-14	6.138583E-15	3.037828E-15	7.555974E-15	1.094016E-15
4760.808	1.069803E-14	1.477665E-14	5.069764E-15	2.130314E-14	3.180894E-16	3.925723E-15
4768.925	5.211749E-14	9.636092E-15	9.657723E-15	2.959657E-15	1.043795E-14	6.249202E-15
4777.045	2.828291E-14	5.350980E-15	1.266359E-14	8.074159E-15	6.644480E-15	6.567293E-15
4785.160	2.092802E-14	9.219184E-15	3.013737E-15	1.031505E-14	5.239870E-15	8.269338E-15
4793.183	3.192496E-14	4.346467E-14	9.449251E-16	3.980787E-15	1.259084E-15	1.255274E-14
4801.302	2.403123E-14	3.529956E-15	9.173958E-16	2.638616E-15	8.928626E-15	5.570620E-15
4809.418	1.337253E-15	3.489445E-14	1.424962E-14	5.940453E-15	7.822441E-15	6.107119E-15
4817.434	1.796246E-14	2.468413E-14	1.237648E-14	1.087501E-15	4.352220E-15	1.009123E-14
4825.553	2.065663E-14	2.633210E-15	1.230765E-14	1.100923E-14	1.470733E-15	8.588164E-15
4833.672	4.791694E-14	6.363753E-15	7.100226E-15	9.283588E-15	6.407754E-15	4.113776E-15
4841.686	3.805666E-14	3.481972E-14	1.626139E-14	1.231699E-14	7.900608E-15	5.966757E-15
4849.804	4.279210E-15	5.938976E-16	2.002144E-14	1.052694E-14	1.015452E-14	6.707775E-15
4857.926	1.668027E-14	8.210341E-15	1.899195E-14	2.163219E-16	1.268449E-14	4.235456E-15
4865.947	2.477065E-14	1.402543E-14	8.917317E-15	1.203381E-14	1.232264E-14	9.102052E-15
4874.062	5.485492E-14	8.668548E-15	4.296916E-16	8.857830E-15	4.432847E-15	6.527219E-15
4882.175	1.435581E-14	1.688086E-14	1.764683E-14	1.088879E-14	9.531126E-15	5.433331E-15
4890.291	1.779333E-14	5.156291E-15	4.762000E-15	2.047866E-14	6.177914E-15	9.885350E-15
4898.301	8.967466E-15	4.580091E-15	1.762225E-14	2.483261E-15	1.004710E-14	6.505343E-15
4906.421	5.860310E-16	4.357874E-15	1.239614E-14	1.963649E-14	6.909964E-15	1.126231E-14
4914.546	3.837131E-14	4.652856E-14	3.053068E-15	1.672009E-14	3.968496E-15	1.018218E-14
4922.564	2.942351E-14	1.358886E-14	1.140402E-14	4.325425E-15	1.503624E-14	5.689966E-15
4930.685	1.303822E-14	2.081396E-14	7.087445E-15	5.902599E-15	2.463103E-15	7.585841E-15
4938.804	2.862903E-14	1.131749E-14	1.567831E-14	2.891811E-15	6.632433E-15	6.546889E-15
4946.830	1.258985E-14	1.026735E-14	1.067246E-14	6.919794E-15	9.640025E-15	4.864628E-15
4954.949	4.259939E-14	1.202938E-14	8.239832E-16	1.252938E-14	6.012478E-15	7.327363E-15
4963.067	5.655796E-15	4.039293E-15	8.031388E-15	6.568275E-15	6.440450E-15	8.574034E-15
4971.085	5.338394E-14	1.130176E-14	1.483958E-14	1.003383E-14	7.448305E-15	4.337224E-15
4979.198	1.082782E-14	1.636169E-14	1.446889E-14	8.370125E-15	1.018574E-14	1.003776E-14
4987.313	3.317962E-14	1.333320E-14	7.534832E-15	3.847061E-15	1.241482E-14	2.616739E-15
4995.326	5.135054E-14	2.029479E-14	2.844318E-14	1.240155E-14	4.948084E-15	6.650009E-15
5003.445	3.667221E-14	9.594794E-15	6.271326E-15	1.175014E-14	2.821753E-15	6.151243E-15
5011.565	4.439287E-14	3.978330E-15	1.660161E-14	1.432877E-14	5.887602E-15	7.918926E-15
5019.586	2.833010E-14	1.459179E-14	1.879039E-15	8.900601E-15	8.688950E-15	9.865932E-15
5027.708	8.251642E-15	3.009214E-14	6.764941E-16	8.384384E-15	7.354894E-15	6.127398E-15
5035.828	3.529169E-14	2.153962E-14	1.479927E-14	1.024867E-14	2.340193E-15	4.100378E-15
5043.846	1.806079E-14	5.708892E-15	2.575098E-14	5.347539E-15	1.206969E-14	7.933677E-15
5051.970	2.034985E-14	2.608431E-14	1.341481E-14	1.776335E-14	7.078104E-15	4.333413E-15
5060.085	2.954544E-14	3.858370E-15	1.158101E-14	1.486220E-14	9.364709E-15	5.228811E-15
5068.106	4.185997E-14	7.964526E-16	5.084511E-15	1.467636E-14	1.031209E-15	6.660701E-15
5076.226	1.637349E-14	1.190352E-14	1.317883E-14	9.149861E-15	9.255320E-15	4.188134E-15
5084.344	1.021032E-14	1.666650E-14	2.973422E-15	1.006923E-14	1.091312E-14	8.154419E-15
5092.359	2.320530E-16	4.857377E-16	1.250725E-14	1.307559E-14	1.012699E-14	5.210005E-15
5100.485	6.080569E-15	1.862321E-15	2.644321E-14	2.214335E-15	8.267373E-15	9.160434E-15
5108.603	8.766875E-15	4.094356E-15	1.998801E-14	5.951763E-15	1.256723E-14	7.690192E-15
5116.618	3.425729E-14	6.220195E-15	9.233931E-15	1.951309E-15	5.324923E-15	7.745497E-15
5124.737	6.545069E-14	1.109134E-14	2.396535E-14	1.107167E-15	1.163755E-14	1.074473E-14
5132.858	3.154345E-15	1.465276E-14	8.887819E-15	8.344559E-15	6.426192E-15	5.502159E-15
5140.881	4.050305E-14	5.330135E-14	2.640092E-14	1.420684E-14	4.199074E-15	5.372001E-15
5148.998	1.557506E-15	5.266419E-15	1.652983E-14	7.111042E-15	2.122890E-15	9.414853E-15
5157.111	5.616465E-15	3.301836E-15	1.405198E-14	9.750152E-15	6.995261E-15	9.436856E-15
5165.223	6.019213E-14	3.728774E-14	1.370292E-14	1.709914E-14	7.009274E-15	9.952340E-15
5173.241	3.571647E-14	1.649148E-14	1.878058E-16	1.427223E-15	3.488904E-15	1.035966E-14
5181.363	1.687692E-14	8.235909E-15	1.555737E-14	6.442906E-15	9.122576E-15	3.692442E-15
5189.479	1.231060E-14	5.512238E-15	1.318571E-14	7.960593E-15	6.423731E-15	4.516057E-15
5197.494	1.376584E-15	2.616690E-14	1.983265E-15	1.786610E-14	4.773550E-15	9.696316E-15
5205.614	1.323488E-14	1.806472E-14	3.387480E-14	1.079439E-14	1.554533E-14	5.456070E-15
5213.734	1.901653E-14	3.392887E-14	6.487645E-15	1.252250E-14	5.280188E-16	6.421642E-15
5221.756	8.998928E-15	2.105585E-14	2.635173E-16	1.612324E-14	5.524775E-15	8.502623E-15
5229.876	2.880208E-14	1.813945E-14	4.925223E-15	9.537765E-15	1.071475E-14	8.997330E-15
5237.998	2.518363E-14	4.733484E-14	6.118919E-15	1.450822E-15	6.468226E-15	1.118204E-14
5246.016	1.657408E-14	2.090638E-14	1.701852E-14	4.020611E-15	6.854159E-15	3.118208E-16
5254.138	3.898880E-14	1.801556E-14	3.047169E-15	3.076667E-15	4.495286E-15	8.642248E-15
5262.257	2.203715E-14	3.804486E-14	9.748185E-15	1.093451E-14	7.138083E-15	8.584111E-15
5270.273	6.371619E-15	2.060157E-14	1.618666E-14	1.645512E-15	7.397666E-15	3.964195E-15
5278.389	2.984042E-14	1.052103E-15	1.734005E-14	2.014976E-14	1.182609E-14	6.814830E-15
5286.505	1.505590E-14	6.660703E-15	1.446398E-15	1.213804E-14	6.742068E-15	1.003309E-14
5294.519	4.589139E-14	1.573633E-14	1.147285E-14	9.779649E-15	5.576149E-15	1.130937E-14
5302.634	6.068772E-14	2.110304E-14	2.182870E-15	1.090452E-14	9.794398E-15	6.036446E-15
5310.749	3.033992E-14	1.730170E-14	1.432631E-14	6.420293E-15	1.132732E-14	6.468843E-15
5318.872	2.026726E-14	2.375591E-15	1.515522E-14	6.183814E-15	3.634921E-15	2.385793E-15
5326.889	1.229486E-14	1.977562E-14	1.110019E-14	1.099301E-15	1.057709E-14	5.636375E-15
5335.007	3.109507E-14	2.230067E-14	9.001881E-15	1.722894E-14	5.117699E-15	8.625037E-15
5343.126	3.733297E-14	1.010806E-14	5.229055E-15	9.109545E-15	9.915340E-15	7.483334E-15
5351.148	1.313655E-14	3.239890E-14	8.688218E-15	2.234983E-14	2.218266E-15	5.950780E-15
5359.259	8.904534E-15	2.051111E-14	1.142565E-15	3.502915E-15	3.064867E-15	7.027709E-15
5367.375	2.637142E-14	2.035968E-14	7.871113E-15	2.872637E-15	1.184797E-14	7.482473E-15
5375.390	3.010787E-14	3.325434E-14	1.437056E-14	1.161740E-15	8.136349E-15	6.849735E-15
5383.505	2.871170E-16	4.277244E-15	1.583760E-14	4.319526E-15	8.294906E-15	9.915831E-15
5391.625	2.285523E-14	3.011770E-14	6.514194E-15	1.822303E-14	4.515934E-15	3.744556E-15
5399.650	2.440488E-14	1.085928E-14	1.033323E-14	6.407509E-15	7.656760E-15	6.118795E-15
5407.777	2.984435E-14	7.158239E-15	9.726551E-15	6.948801E-15	5.975114E-15	3.726610E-15
5415.902	4.128573E-14	7.960590E-15	1.330174E-14	8.408472E-15	1.169654E-14	5.341515E-15
5423.916	1.415522E-14	2.693779E-14	2.243341E-14	7.738372E-15	1.662964E-15	3.861318E-15
5432.039	1.345906E-14	5.404077E-15	7.206421E-15	1.470291E-14	5.708156E-15	6.046525E-15
5440.154	4.025526E-14	1.712078E-14	3.143529E-15	1.030177E-14	7.088182E-15	4.408388E-15
5448.175	2.805872E-14	1.587595E-14	1.201660E-14	7.983699E-15	3.790278E-15	7.386359E-15
5456.293	1.465866E-14	1.661734E-14	4.525031E-15	1.053775E-14	6.057957E-15	3.425114E-15
5464.411	9.761950E-15	4.715786E-15	3.646964E-15	4.287079E-15	8.003118E-15	6.268130E-15
5472.427	9.050061E-15	1.682973E-14	1.029489E-14	1.360754E-14	5.333036E-15	8.001646E-15
5480.549	2.322102E-14	3.813137E-15	1.671562E-16	6.184800E-16	9.666819E-15	9.710085E-15
5488.660	3.618450E-15	2.477655E-14	3.357881E-15	1.547675E-15	1.395267E-15	8.232100E-15
5496.778	5.247147E-14	1.041288E-14	1.174817E-14	1.157609E-14	1.326659E-14	1.159723E-14
5504.790	2.355925E-15	2.715215E-14	2.344126E-14	4.469473E-15	6.889312E-15	7.804618E-15
5512.903	2.065663E-14	4.056991E-15	1.301364E-14	6.236910E-15	1.111665E-14	1.005976E-14
5521.015	1.312082E-14	3.445395E-15	7.964555E-17	1.368276E-14	7.792451E-15	1.033507E-14
5529.029	1.957503E-14	1.250529E-14	5.379496E-15	1.060707E-14	1.945901E-15	7.350103E-15
5537.139	2.558874E-14	1.883758E-14	1.012478E-14	1.553279E-14	1.583809E-14	3.222314E-15
5545.255	7.158235E-16	2.163794E-14	4.129758E-16	8.413389E-15	6.822206E-15	4.891668E-15
5553.371	2.171857E-14	2.145899E-14	1.801556E-14	8.568253E-15	8.274501E-15	8.443743E-15
5561.400	6.096313E-16	1.314835E-14	1.146302E-14	1.633071E-14	8.030897E-16	6.273781E-15
5569.520	4.840463E-14	1.512276E-15	8.958615E-15	2.939976E-16	9.974090E-15	7.746977E-15
5577.637	4.877042E-15	7.158247E-16	4.281177E-15	1.140795E-14	6.151367E-15	8.401590E-15
5585.651	3.995241E-14	3.388561E-14	5.844585E-15	1.057512E-15	7.389553E-15	1.105864E-14
5593.768	2.442061E-14	1.482581E-14	1.394873E-14	1.020049E-14	6.244038E-15	9.021664E-15
5601.883	8.200511E-15	3.483152E-14	9.321429E-16	4.328866E-15	1.042492E-14	9.213157E-15
5609.897	9.514165E-15	1.227913E-14	3.984230E-15	1.045762E-14	8.127502E-15	1.177840E-15
5618.014	2.792500E-15	1.293006E-14	1.642954E-14	4.028969E-15	6.407756E-15	8.109432E-15
5626.131	1.076096E-14	7.970423E-15	2.552582E-15	8.445838E-15	9.327344E-15	7.738247E-15
5634.241	1.419848E-14	1.873728E-14	2.562611E-14	1.058053E-14	4.514461E-15	9.643219E-15
5642.252	1.730170E-14	2.300273E-14	1.629286E-15	1.568127E-14	7.597762E-15	7.798844E-15
5650.370	5.506337E-15	2.153568E-14	1.489071E-14	1.129438E-14	4.624834E-15	6.805243E-15
5658.490	4.127787E-14	4.355906E-15	1.895752E-15	6.236421E-15	1.270145E-14	4.257701E-15
5666.508	2.903413E-14	1.575599E-14	1.371570E-14	1.017394E-14	5.448817E-15	9.276458E-15
5674.624	4.338208E-15	1.223194E-15	8.983197E-15	1.864387E-14	8.721646E-15	6.696593E-15
5682.744	8.613486E-15	1.443840E-14	1.785528E-14	1.072654E-14	1.817657E-14	4.799239E-15
5690.759	6.040059E-14	1.115231E-14	1.952783E-15	1.113362E-14	7.417086E-15	7.361407E-15
5698.875	3.523663E-14	2.032429E-14	1.061740E-14	4.622865E-15	3.415650E-15	9.997812E-15
5706.998	1.819844E-14	6.904555E-15	1.760061E-15	1.220342E-14	5.199557E-15	5.675091E-15
5715.116	3.087089E-14	2.977356E-14	2.660053E-14	1.226389E-14	9.729012E-15	6.675456E-15
5723.130	1.121720E-14	7.059911E-15	6.456181E-15	1.190057E-14	2.925734E-15	7.766762E-15
5731.241	4.267019E-14	4.363379E-14	2.468021E-16	2.374264E-14	8.445098E-15	8.308673E-15
5739.349	9.451236E-15	1.030669E-14	9.885842E-15	5.526986E-15	2.833059E-15	6.880466E-15
5747.464	1.655441E-14	1.668027E-14	1.070098E-14	6.456672E-15	1.479287E-14	4.175722E-15
5755.485	2.114434E-14	1.299889E-14	1.557015E-14	3.663190E-15	6.736413E-15	1.103074E-14
5763.602	8.829805E-15	2.310695E-15	1.721615E-14	3.445886E-15	1.293178E-14	4.608486E-15
5771.719	1.340007E-14	2.939989E-15	1.798114E-14	1.641233E-14	8.112259E-15	2.366987E-15
5779.737	3.148839E-14	2.876865E-14	1.860651E-14	8.465504E-15	3.630987E-15	6.754482E-15
5787.855	2.594272E-14	9.018594E-15	3.654537E-14	4.683337E-15	2.879520E-15	8.359680E-15
5795.971	1.611390E-14	7.693142E-15	2.057797E-14	4.203499E-15	7.187986E-15	8.497213E-15
5803.987	2.510497E-14	1.857209E-14	1.427715E-15	1.589758E-14	3.909254E-15	1.207400E-14
5812.105	3.119340E-14	1.353182E-14	1.878040E-16	1.076489E-14	5.534608E-15	9.622814E-15
5820.215	3.638902E-14	1.875498E-14	7.848498E-15	2.493093E-15	1.245711E-14	7.414997E-15
5828.236	9.868144E-15	5.282151E-15	1.424175E-14	7.084493E-15	9.561116E-15	5.703606E-15
5836.354	7.268366E-15	1.319555E-14	1.542659E-14	9.683287E-15	2.882717E-15	8.341854E-15
5844.471	7.012715E-15	1.223587E-14	3.091711E-14	1.029980E-15	9.367163E-15	6.060041E-15
5852.491	3.543722E-14	2.295553E-14	1.415031E-14	1.957208E-15	1.218916E-14	4.140692E-15
5860.604	1.846196E-14	7.669577E-17	3.796423E-15	6.749197E-15	9.931117E-17	6.890666E-15
5868.715	3.006460E-14	8.501391E-15	7.820966E-15	9.543172E-15	1.050998E-14	9.120366E-15
5876.831	3.117374E-14	2.159270E-15	2.007454E-14	3.349033E-15	1.798656E-15	7.121492E-15
5884.851	4.455808E-14	4.759051E-15	5.272321E-15	2.132231E-15	8.865940E-15	6.538656E-15
5892.966	5.966511E-15	1.816108E-14	1.601951E-14	9.634616E-15	5.221187E-15	9.394084E-15
5901.086	2.413743E-14	2.563397E-14	2.933009E-14	6.053039E-15	8.282612E-15	8.187727E-15
5909.111	1.023786E-14	2.644222E-14	5.664645E-15	5.459140E-15	1.560851E-14	9.616058E-15
5917.225	2.331541E-14	2.720721E-14	1.623386E-15	9.347008E-15	5.616220E-15	5.346184E-15
5925.343	1.142958E-14	4.556495E-15	1.271866E-14	9.881417E-15	4.979301E-15	7.927774E-15
5933.359	3.119733E-14	1.637545E-14	8.305720E-15	4.519130E-15	4.532159E-15	4.218493E-15
5941.472	3.922479E-14	6.601704E-15	6.632186E-15	2.885420E-15	8.744755E-15	1.802096E-15
5949.585	2.705972E-14	1.862323E-15	4.640073E-15	8.750650E-15	1.891821E-15	1.060768E-14
5957.699	2.595058E-14	2.560644E-14	2.770376E-14	4.067315E-15	6.468718E-15	4.018766E-15
5965.715	2.087295E-14	2.023776E-14	1.827318E-14	6.701999E-15	7.497714E-15	7.127758E-15
5973.835	3.418256E-14	3.151592E-14	1.016607E-14	5.303293E-15	1.609006E-14	2.523698E-15
5981.955	2.900267E-14	1.169703E-14	6.751163E-15	1.323930E-14	6.829334E-15	4.142290E-15
5989.969	1.986215E-15	5.982243E-15	1.111691E-14	8.771301E-15	8.269094E-15	8.250287E-15
5998.090	2.760642E-14	2.588962E-14	8.492542E-15	1.014494E-14	1.864780E-15	5.404692E-15
6006.215	4.154925E-14	6.165133E-15	1.314933E-14	2.133214E-15	6.383170E-15	8.753726E-15
6014.233	3.699866E-14	1.245612E-14	4.635158E-15	9.525474E-15	9.661899E-15	5.768625E-15
6022.356	1.919352E-14	8.338152E-16	4.504381E-15	7.443883E-15	1.296153E-14	2.525910E-15
6030.473	2.893974E-14	2.060354E-14	2.722982E-14	6.164148E-15	7.822442E-15	8.826487E-15
6038.486	1.140205E-14	7.781636E-15	1.433614E-14	3.221208E-15	4.732256E-15	5.817174E-15
6046.599	4.613918E-14	2.426721E-15	2.763002E-16	1.814093E-14	6.755343E-15	1.144495E-14
6054.715	1.667634E-14	3.992092E-16	1.208543E-14	2.415909E-15	4.154827E-15	3.821988E-15
6062.833	1.052104E-14	2.370675E-14	7.401107E-15	1.016853E-14	1.164271E-14	5.891165E-15
6070.848	2.126233E-14	2.880405E-14	1.517193E-15	5.958639E-16	6.315819E-15	7.430849E-15
6078.963	2.521116E-15	1.042664E-14	1.818076E-15	1.803327E-15	8.725824E-15	6.496620E-15
6087.076	1.077669E-14	6.989116E-15	1.911781E-14	5.201522E-15	5.725609E-15	1.147848E-15
6095.095	3.312849E-14	4.487666E-15	2.268119E-14	1.873132E-16	1.007217E-14	8.704316E-15
6103.216	9.522033E-15	1.977758E-14	7.457155E-15	1.870582E-14	6.002400E-15	8.112258E-15
6111.331	3.647555E-14	2.012566E-14	1.292809E-14	6.277716E-15	7.226329E-15	5.971427E-15
6119.444	8.196576E-15	2.658971E-14	5.571234E-15	1.515816E-14	2.628539E-15	6.072706E-15
6127.467	5.305751E-15	1.034012E-14	1.810012E-14	7.235917E-15	1.495168E-14	1.046966E-14
6135.586	4.331915E-14	1.628303E-14	6.593840E-15	1.474912E-15	1.251881E-14	3.665157E-15
6143.696	1.876481E-14	2.060157E-14	6.342127E-16	1.843639E-15	7.055733E-15	8.677271E-15
6151.715	3.613731E-14	1.930758E-14	1.431943E-14	7.558920E-15	8.324158E-15	8.822428E-15
6159.828	4.233194E-14	3.104788E-14	4.825911E-15	2.186902E-14	6.312131E-15	8.752494E-15
6167.945	1.061937E-14	2.736256E-14	1.158494E-14	6.261985E-15	4.433340E-15	8.647040E-15
6175.959	8.298837E-15	3.335268E-15	2.421805E-14	1.506327E-14	6.623337E-15	6.981496E-15
6184.069	2.691026E-14	9.516132E-15	7.631195E-15	4.150893E-15	5.057967E-15	5.456805E-15
6192.185	1.819058E-14	3.040286E-15	4.086490E-15	4.551579E-15	9.432798E-15	5.255357E-15
6200.301	4.530536E-14	1.351609E-14	3.835754E-15	6.161692E-15	4.213578E-15	8.674205E-15
6208.317	3.115014E-14	3.115015E-15	4.857388E-16	1.073932E-14	1.030471E-15	5.861177E-15
6216.432	1.320341E-14	1.050727E-14	2.719148E-14	6.441923E-15	1.143352E-14	4.646221E-15
6224.552	3.964170E-14	7.046147E-15	1.052497E-14	1.159379E-14	6.581550E-15	1.436809E-15
6232.577	2.679620E-14	7.417823E-15	5.877033E-15	3.890326E-15	1.417021E-14	3.621770E-15
6240.689	9.746219E-15	6.983216E-15	7.053029E-15	9.130688E-15	9.611508E-16	1.131503E-14
6248.800	2.767722E-14	4.106154E-15	1.525060E-15	1.050630E-15	1.022016E-14	7.512097E-15
6256.816	2.969096E-14	1.349643E-14	2.438029E-14	4.915882E-15	7.841862E-15	8.054614E-15
6264.932	1.150038E-14	2.562610E-14	1.972056E-14	8.700999E-15	1.685087E-15	1.058262E-14
6273.046	5.736424E-14	1.719551E-14	2.358089E-14	1.724073E-14	1.168598E-14	5.584261E-15
6281.165	2.459367E-14	9.689188E-15	1.291826E-14	5.321974E-15	1.216753E-14	9.827462E-15
6289.176	2.385424E-14	3.744311E-15	8.977305E-16	1.799147E-14	1.278847E-14	6.237034E-15
6297.295	7.677408E-14	2.509907E-14	2.341079E-14	1.646838E-14	6.891036E-15	9.097009E-15
6305.406	3.107140E-16	1.658588E-14	1.077669E-14	3.570762E-15	8.947799E-15	7.018122E-15
6313.429	2.958477E-14	8.357841E-16	1.649542E-14	9.507775E-15	7.859559E-15	5.438492E-15
6321.543	4.437322E-14	1.738626E-14	1.954455E-14	1.718911E-14	5.991829E-15	1.094249E-14
6329.662	2.879026E-15	1.598215E-14	1.840002E-14	1.371226E-14	4.314611E-15	5.015930E-15
6337.769	9.600695E-15	3.934674E-18	2.297519E-14	1.117934E-14	4.132703E-15	2.311680E-15
6345.786	1.191728E-15	1.075112E-14	2.134394E-14	2.246786E-16	1.394259E-14	1.041337E-14
6353.905	7.118912E-16	2.303812E-14	9.016640E-16	5.971427E-15	1.064198E-14	8.009261E-15
6362.025	3.457194E-14	7.872096E-15	4.136637E-15	1.364835E-14	6.849495E-15	8.925183E-15
6370.036	3.531136E-14	1.599198E-14	1.188778E-15	1.025359E-14	2.229574E-16	9.558291E-15
6378.151	3.135466E-14	2.032822E-14	4.067807E-15	7.510743E-15	4.434075E-15	1.325491E-14
6386.266	2.977358E-15	6.485680E-15	1.233813E-14	9.686238E-15	6.047875E-15	7.094082E-15
6394.377	4.263872E-14	5.193655E-15	6.452247E-15	1.090894E-14	8.846520E-15	5.639205E-15
6402.390	2.124266E-14	2.378541E-14	5.526987E-15	5.935539E-15	1.331452E-14	3.527866E-15
6410.508	2.342947E-14	2.381884E-14	1.650819E-14	9.425175E-15	1.455247E-15	7.363869E-15
6418.627	2.096735E-14	2.171857E-14	9.696070E-15	3.926708E-15	7.680849E-15	4.935056E-15
6426.640	1.374618E-14	1.722107E-14	1.858586E-14	6.945852E-15	9.325372E-15	3.564738E-15
6434.748	1.513850E-14	4.315003E-14	1.292220E-14	1.041484E-14	4.999460E-15	7.836945E-15
6442.873	3.972430E-15	2.738813E-14	1.322898E-14	1.557261E-14	5.623347E-15	4.726357E-15
6450.989	9.608560E-15	1.132536E-14	2.597025E-14	4.283636E-15	1.890345E-15	1.059528E-14
6459.013	1.133126E-14	1.998013E-15	8.941896E-15	1.229339E-14	2.016204E-15	1.125296E-14
6467.128	3.724251E-14	1.096155E-14	9.356841E-15	7.525000E-15	8.553999E-15	6.036816E-15
6475.246	2.987188E-14	1.544528E-14	1.405689E-14	3.700064E-15	1.001538E-14	3.199945E-15
6483.260	2.265466E-15	2.746286E-14	1.033323E-14	3.565844E-15	1.183985E-14	7.705921E-15
6491.379	2.807445E-14	5.693160E-15	1.493987E-14	3.105181E-15	1.184379E-14	7.446709E-15
6499.495	1.192909E-14	1.330764E-14	2.956707E-15	8.269340E-15	1.610112E-15	5.395228E-15
6507.504	4.275672E-14	3.234187E-14	1.421914E-14	8.770319E-15	1.739904E-15	3.475384E-15
6515.623	2.214334E-14	3.130353E-14	1.464095E-15	2.004651E-14	5.906039E-15	1.003468E-14
6523.745	1.828497E-14	7.679372E-15	1.057512E-14	8.405523E-15	4.027492E-15	6.683317E-15
6531.756	2.149438E-14	1.525649E-14	8.895686E-15	9.833728E-15	8.660190E-15	3.313267E-15
6539.874	4.745676E-14	6.371619E-15	1.035978E-14	7.000424E-15	6.981744E-15	6.890541E-15
6548.001	4.818832E-14	4.749216E-15	1.632236E-14	1.587988E-14	8.525730E-15	6.294680E-15
6556.116	4.731518E-15	4.285504E-14	7.392260E-15	3.866727E-15	1.314417E-14	9.060385E-15
6564.126	5.402503E-14	2.191523E-14	3.762008E-15	2.924751E-15	1.180594E-14	7.465512E-15
6572.242	1.153971E-14	7.425690E-15	2.233213E-14	9.637565E-15	4.742583E-15	5.480649E-15
6580.362	1.386811E-14	1.131159E-14	6.149397E-15	8.647410E-15	5.317305E-15	6.460360E-15
6588.376	2.430655E-14	1.750229E-14	8.647901E-15	1.796442E-14	1.169458E-14	6.261247E-15
6596.490	2.853856E-14	1.087502E-15	1.464293E-14	6.676927E-15	9.472131E-15	1.228897E-14
6604.601	6.222163E-15	4.688254E-15	2.289064E-15	5.384412E-15	7.236656E-15	6.898656E-15
6612.718	5.014308E-14	4.363773E-15	5.938974E-16	1.312425E-14	6.704705E-15	6.801557E-15
6620.732	9.655757E-15	6.230027E-15	5.292969E-15	8.013662E-17	1.015305E-14	7.685889E-15
6628.844	2.721705E-15	1.760061E-15	6.065821E-15	9.819473E-15	4.512002E-15	4.873233E-15
6636.963	1.592512E-14	2.392897E-14	2.140786E-14	7.812607E-15	6.311397E-15	2.805035E-15
6644.982	1.835184E-14	3.256409E-14	1.172063E-14	5.505846E-15	6.943147E-15	6.360189E-15
6653.099	7.095310E-15	1.799786E-14	2.449829E-14	1.775794E-15	8.421009E-15	1.974047E-15
6661.210	1.806865E-14	2.683947E-14	6.049105E-15	1.941377E-14	6.515177E-15	9.537515E-15
6669.231	1.687301E-15	8.172979E-15	1.375798E-14	1.483614E-14	8.275486E-15	9.781858E-15
6677.349	2.779914E-14	3.337824E-14	1.018574E-14	7.835222E-15	7.675196E-15	2.416766E-15
6685.465	7.260501E-15	1.936461E-14	5.165141E-15	1.263017E-15	3.521845E-15	1.137808E-14
6693.584	4.056204E-14	1.002940E-14	2.498795E-14	8.809649E-15	1.094385E-14	1.081332E-14
6701.600	2.773228E-14	3.073126E-14	4.962586E-15	7.106124E-15	3.108376E-15	6.699422E-15
6709.719	1.566946E-14	9.205419E-15	8.807190E-15	1.913698E-14	1.097580E-14	7.365095E-15
6717.837	1.078456E-14	1.999784E-14	2.930164E-16	1.268423E-15	1.097973E-14	4.280440E-15
6725.847	6.414883E-15	1.580122E-14	1.867239E-15	1.568520E-14	5.790261E-15	7.276846E-15
6733.971	6.532876E-15	2.043834E-14	3.161229E-15	9.163137E-15	4.909735E-15	5.123966E-15
6742.087	1.550428E-14	2.938418E-14	9.327344E-15	1.399200E-14	8.398642E-15	5.400022E-15
6750.104	2.359466E-14	2.851300E-14	1.188976E-14	3.245297E-15	4.083537E-15	9.253471E-15
6758.218	2.620624E-14	5.801319E-16	1.499985E-14	9.265396E-15	1.284206E-14	3.849767E-15
6766.342	1.564980E-14	2.098701E-14	5.808202E-15	1.522109E-15	6.056971E-15	6.147680E-15
6774.356	1.579926E-14	7.057945E-15	7.973377E-15	3.262015E-15	2.679417E-17	5.400882E-15
6782.475	4.222181E-14	2.842450E-14	1.667044E-14	1.006383E-15	5.839423E-15	6.125674E-15
6790.594	2.400370E-14	3.358866E-15	1.027522E-15	2.214925E-14	4.087965E-16	5.561156E-15
6798.617	9.309644E-15	2.636946E-14	3.098201E-14	4.337717E-15	5.660221E-15	9.809760E-15
6806.739	1.358099E-14	4.017661E-15	1.809127E-14	7.096785E-15	6.514933E-15	6.891894E-15
6814.851	1.984248E-14	4.074690E-15	1.087698E-14	8.553998E-15	4.715047E-15	9.984173E-15
6822.964	7.984204E-16	3.545885E-14	2.071170E-14	5.142033E-15	1.057635E-14	5.008924E-15
6830.977	2.833011E-14	2.051701E-14	8.399131E-15	1.236075E-14	3.682363E-15	1.093070E-14
6839.088	6.171031E-15	4.483729E-16	1.916402E-15	1.135092E-14	5.706187E-15	3.277869E-15
6847.198	8.353900E-15	2.708135E-14	9.262448E-15	8.547603E-15	1.081012E-14	7.549337E-15
6855.313	1.561440E-15	1.593102E-14	1.319161E-14	1.473044E-14	1.134994E-14	3.523320E-15
6863.325	5.966509E-15	2.690239E-15	8.906500E-15	1.487989E-14	1.186419E-14	4.740859E-15
6871.441	4.103795E-14	3.130746E-15	1.619748E-14	7.664627E-15	1.106922E-14	6.883783E-15
6879.559	6.572207E-15	1.983461E-14	8.960580E-15	1.046499E-14	8.024257E-15	6.655542E-15
6887.581	1.163804E-14	1.120147E-14	2.461334E-14	6.755098E-15	1.087944E-14	5.479054E-15
6895.698	2.357499E-14	1.724073E-14	8.914368E-15	6.574175E-15	1.404043E-14	5.843723E-15
6903.816	2.668214E-14	2.513053E-14	1.544036E-14	4.614999E-15	9.425425E-15	5.877276E-15
6911.833	2.144325E-14	2.883748E-14	1.621715E-14	5.348031E-15	4.601727E-16	4.494301E-15
6919.954	7.221168E-15	1.803523E-14	1.679433E-14	4.801330E-15	9.559149E-15	1.004723E-14
6928.066	2.984436E-14	1.594871E-14	1.215229E-14	4.675465E-16	1.467832E-14	5.179887E-15
6936.180	9.533831E-15	1.316605E-14	1.710701E-14	1.352888E-14	3.284875E-15	5.871869E-15
6944.193	7.000915E-16	7.356861E-15	1.472061E-14	1.185731E-14	6.032390E-15	9.956269E-15
6952.311	3.994848E-14	5.585008E-16	1.531647E-14	8.541213E-15	1.256257E-14	8.337922E-15
6960.426	5.580674E-14	6.906521E-15	7.767870E-15	7.109074E-16	1.019263E-14	1.008176E-14
6968.437	2.450320E-15	3.675874E-14	6.521076E-15	1.063952E-14	4.785598E-15	7.667823E-15
6976.553	6.021573E-15	8.652805E-16	6.135634E-15	1.408639E-14	4.787566E-15	6.377519E-15
6984.669	2.161238E-14	1.504213E-14	1.143942E-14	3.263980E-15	1.590889E-14	4.378522E-15
6992.691	7.665609E-15	1.760848E-14	2.127118E-14	2.842154E-15	1.892557E-15	7.668684E-15
7000.812	2.395258E-15	1.652688E-14	5.495521E-15	8.016637E-15	3.911218E-15	7.394716E-15
7008.932	2.719344E-14	3.459947E-14	1.677466E-15	8.305228E-15	5.478562E-15	7.745376E-15
7017.043	4.232016E-15	4.646956E-15	6.168081E-15	6.098271E-15	9.345777E-15	4.961727E-15
7025.071	4.940758E-14	1.734300E-14	9.374539E-15	3.697605E-15	6.057956E-15	7.275495E-15
7033.189	1.743936E-14	3.687673E-14	1.086813E-14	1.130471E-14	1.029956E-14	6.397062E-15
7041.301	3.813139E-14	9.002861E-15	1.074326E-14	1.294284E-14	3.544459E-15	7.105387E-15
7049.314	2.254059E-14	1.634203E-14	1.260558E-15	5.334264E-15	6.584008E-15	6.899392E-15
7057.430	4.939972E-14	2.010207E-14	2.901644E-15	6.135629E-16	3.826905E-15	6.069509E-15
7065.548	4.328768E-14	2.721703E-15	1.033028E-14	7.602189E-15	1.160510E-15	9.048091E-15
7073.557	3.969676E-14	8.642983E-15	1.385433E-15	8.458620E-15	1.344554E-14	6.602320E-15
7081.682	3.792687E-14	1.215131E-14	3.515209E-15	6.283617E-15	8.381186E-15	6.038656E-15
7089.799	3.539789E-15	1.693396E-14	1.025949E-14	1.902638E-15	7.363002E-15	2.746408E-15
7097.913	2.229280E-14	1.198612E-14	5.458157E-15	6.593839E-15	7.788764E-15	1.164677E-14
7105.921	4.661902E-14	1.079637E-15	5.887848E-15	5.726591E-15	9.508273E-16	1.101907E-14
7114.035	1.515423E-14	2.105978E-14	2.395454E-14	8.112014E-15	6.701261E-15	8.324036E-15
7122.153	1.122113E-14	1.392513E-14	1.102546E-14	1.055300E-14	2.256861E-15	8.110538E-15
7130.174	2.531342E-14	1.474715E-14	5.978310E-15	7.596288E-15	9.838889E-15	8.178141E-15
7138.290	4.233587E-14	8.405033E-15	2.910490E-15	1.056135E-14	8.489593E-15	7.255461E-15
7146.410	5.382838E-14	1.002940E-15	4.427686E-15	5.883916E-15	8.226326E-15	8.483082E-15
7154.430	3.713238E-14	1.015133E-14	2.278149E-14	3.193184E-15	5.314354E-15	5.746745E-15
7162.554	5.994042E-15	1.686906E-14	1.160166E-14	9.297355E-15	9.132653E-15	5.475974E-15
7170.665	4.259545E-15	3.301838E-15	9.739335E-15	1.238779E-14	1.111469E-14	9.380685E-15
7178.683	4.070757E-14	1.097334E-14	1.375404E-14	3.305769E-15	2.908526E-15	6.642019E-15
7186.800	7.630211E-15	2.279231E-15	1.693691E-14	1.085093E-14	7.673966E-15	8.755076E-15
7194.917	1.008840E-14	1.899096E-14	1.257018E-14	6.300824E-15	1.115034E-14	9.102910E-15
7203.033	2.206466E-15	2.387194E-14	1.232141E-14	1.572256E-15	7.055487E-15	9.287398E-15
7211.048	1.358885E-14	2.951987E-14	1.542463E-14	7.550073E-15	1.329191E-14	1.142209E-14
7219.168	2.882175E-14	1.818468E-14	2.876079E-14	8.613485E-15	4.417114E-15	1.033089E-14
7227.285	1.744723E-14	1.254462E-14	8.821940E-15	8.293922E-15	2.546435E-15	1.042542E-14
7235.299	9.612492E-15	2.021219E-14	3.817072E-15	4.289043E-15	2.164925E-15	8.232349E-15
7243.417	3.403310E-14	1.132732E-15	2.506466E-14	4.142044E-15	7.241080E-15	7.784832E-15
7251.537	7.122842E-15	2.290636E-14	7.078594E-15	1.214049E-14	4.381471E-15	4.857745E-15
7259.554	5.978309E-16	4.934072E-15	8.371600E-15	8.375531E-15	8.964023E-15	9.792183E-16
7267.669	1.010806E-14	5.822950E-15	2.729177E-14	5.781655E-15	3.416634E-15	8.774867E-15
7275.791	2.771655E-14	1.718371E-14	8.817023E-15	9.652807E-15	9.495482E-15	4.875691E-15
7283.807	7.323430E-15	1.663897E-14	2.189851E-14	4.120904E-15	6.083519E-15	3.174379E-15
7291.929	3.594065E-14	8.289005E-15	1.989460E-14	1.650918E-15	8.408965E-15	8.736027E-15
7300.050	2.044031E-14	4.615294E-14	2.167136E-15	1.629876E-14	9.110286E-15	3.909501E-15
7308.070	9.742285E-15	1.396249E-16	2.276281E-15	2.449337E-15	1.269088E-14	6.782751E-15
7316.183	1.985428E-14	8.886836E-15	7.669543E-15	2.031445E-15	9.185261E-15	4.013358E-15
7324.306	7.284099E-15	2.994858E-14	3.080304E-14	7.890288E-15	5.134659E-15	8.157125E-15
7332.331	3.256212E-14	3.465060E-15	5.028466E-15	4.390813E-15	1.275110E-14	4.349271E-15
7340.452	1.670780E-14	1.724270E-14	1.903915E-14	1.555246E-14	4.250942E-15	7.287415E-15
7348.575	2.744909E-14	3.143726E-14	1.518176E-14	5.834752E-15	4.810423E-15	8.631674E-15
7356.589	1.851309E-14	3.566534E-14	1.004022E-14	9.601677E-15	4.228328E-15	6.036327E-15
7364.706	4.252073E-14	1.668224E-14	1.970876E-14	1.467783E-14	3.757584E-15	3.935434E-15
7372.823	2.733504E-15	6.190697E-15	7.452239E-15	6.925695E-15	6.318768E-15	7.860540E-15
7380.933	1.786807E-14	2.137836E-14	1.867730E-14	3.572728E-15	7.698304E-15	9.093076E-15
7388.950	2.659954E-14	1.642068E-14	2.533899E-14	1.110363E-14	9.386092E-15	9.374910E-15
7397.062	1.393103E-14	1.853866E-14	4.031426E-16	8.908467E-15	1.389760E-14	8.098739E-15
7405.173	2.377952E-14	4.191700E-14	7.676424E-15	5.844092E-15	9.409692E-15	1.622894E-15
7413.199	1.324667E-14	1.227128E-15	1.721517E-14	9.719669E-15	9.287273E-15	6.463678E-15
7421.313	5.427677E-15	4.680386E-15	1.515423E-14	4.207432E-15	8.661421E-15	1.845852E-15
7429.433	2.277657E-14	4.306743E-15	1.687889E-14	2.192408E-14	1.092812E-14	9.242784E-15
7437.459	8.035320E-15	2.512660E-14	1.176881E-14	4.709885E-15	9.547592E-16	1.053935E-14
7445.577	4.991102E-15	2.135083E-14	2.696728E-14	7.304255E-15	8.730989E-15	8.536426E-15
7453.690	4.947445E-14	2.383261E-14	2.401156E-15	7.023039E-15	8.552277E-15	7.029553E-15
7461.802	2.489652E-15	3.133696E-14	1.825744E-14	4.051092E-15	1.364637E-14	6.146204E-15
7469.820	5.081562E-15	9.439474E-17	3.022389E-14	9.866671E-15	8.248200E-15	4.811286E-15
7477.936	9.561361E-15	6.467981E-15	1.361049E-14	2.618460E-15	9.413873E-15	7.625418E-15
7486.058	7.197580E-16	2.019450E-14	7.824900E-15	1.940493E-15	1.235091E-14	5.878262E-15
7494.067	3.215308E-14	1.385630E-14	7.920277E-15	1.007512E-14	4.157039E-15	7.812241E-15
7502.178	1.262524E-15	6.937985E-15	9.664606E-15	1.879185E-14	4.842873E-15	1.310926E-14
7510.293	1.087895E-14	1.755538E-14	9.452219E-15	1.690742E-15	7.799334E-15	7.881437E-15
7518.406	1.884741E-14	7.276383E-17	2.832815E-15	1.316408E-14	6.016165E-15	1.182904E-14
7526.418	6.399152E-15	3.238907E-15	4.566328E-15	1.223440E-14	6.537548E-15	4.157779E-15
7534.533	4.733484E-14	3.073716E-15	1.750917E-14	1.026047E-14	1.163386E-14	5.975853E-15
7542.647	8.275239E-15	2.736847E-14	2.402730E-14	2.105682E-15	8.929117E-15	8.560880E-15
7550.661	1.760061E-14	1.369701E-14	1.331354E-14	1.591283E-14	1.176660E-14	2.394397E-15
7558.774	4.358266E-14	2.716394E-14	1.117098E-14	1.349348E-14	5.054277E-15	8.936489E-15
7566.894	5.192083E-14	1.258578E-16	4.085505E-15	3.126826E-16	1.093721E-14	5.644979E-15
7575.009	1.467046E-14	4.737810E-14	2.031544E-14	1.570782E-15	7.260255E-15	5.085250E-15
7583.020	1.238139E-14	7.010747E-15	7.042215E-15	1.117000E-14	1.898457E-15	6.700768E-15
7591.135	3.574400E-14	2.412954E-15	1.237451E-14	1.418374E-15	7.523034E-15	8.285687E-15
7599.249	8.554488E-15	7.445352E-15	1.097531E-14	4.909981E-15	5.434804E-15	5.369541E-15
7607.267	6.556475E-14	3.687476E-14	7.558431E-15	2.829373E-15	1.288434E-14	3.440726E-15
7615.380	2.250912E-14	1.000384E-14	2.564184E-14	6.874071E-15	9.982448E-15	6.887717E-15
7623.508	1.061933E-16	3.528579E-14	2.019155E-14	5.014780E-17	8.983689E-15	9.246469E-15
7631.621	3.330548E-14	5.048132E-15	2.326428E-14	5.600731E-15	1.023638E-14	7.444126E-15
7639.641	2.751202E-14	1.657211E-14	7.568263E-15	2.975390E-15	5.293950E-15	8.631674E-15
7647.753	5.860317E-15	9.069723E-15	1.471077E-14	1.284353E-14	4.277000E-15	7.925935E-15
7655.871	3.300263E-14	8.025486E-15	9.321443E-15	1.211050E-14	1.090746E-14	7.835592E-15
7663.889	5.679392E-15	2.277658E-14	2.359368E-14	2.015221E-15	8.395445E-15	7.837681E-15
7671.915	5.887848E-15	2.927602E-14	6.296890E-15	1.069114E-14	5.583526E-15	7.661554E-15
7680.026	5.506347E-16	7.048116E-15	2.949824E-14	9.132653E-15	2.423034E-15	8.312849E-15
7688.144	1.179536E-14	3.016686E-14	1.719256E-14	9.173948E-16	1.213189E-14	6.339293E-15
7696.162	3.442247E-14	6.762964E-15	2.229575E-14	2.084050E-15	9.215004E-15	4.660354E-15
7704.277	2.293390E-14	1.387204E-14	2.046391E-14	1.054857E-14	1.443742E-14	7.582276E-15
7712.394	1.388384E-14	3.075683E-15	7.394227E-15	1.400134E-14	8.096530E-15	5.344344E-15
7720.502	6.366114E-14	1.681203E-14	3.469975E-15	9.521539E-15	6.903571E-15	6.432832E-15
7728.518	2.515610E-14	1.445610E-14	1.401560E-14	3.852469E-15	6.559181E-15	9.623427E-15
7736.627	1.884348E-14	7.708887E-16	1.872843E-14	1.471864E-14	6.359080E-15	9.549684E-15
7744.836	3.894947E-14	3.549621E-14	2.238916E-15	6.204463E-15	1.102521E-14	8.048350E-15
7752.851	3.495345E-14	2.078643E-15	1.711488E-14	1.109331E-14	1.901897E-15	6.114124E-15
7760.969	1.997621E-14	1.905783E-14	9.392239E-15	1.509327E-15	7.597762E-15	5.860932E-15
7769.082	1.227913E-14	5.787555E-15	1.356919E-14	8.564814E-15	1.154118E-14	6.591259E-15
7777.097	1.583072E-14	1.411589E-14	2.696139E-15	1.466406E-14	6.843593E-15	9.517117E-15
7785.215	2.979716E-14	6.582041E-15	7.355877E-15	2.806758E-15	9.632649E-15	5.615113E-15
7793.334	1.556327E-14	6.794428E-15	1.501362E-14	1.790248E-14	9.647891E-15	8.062240E-15
7801.349	2.099488E-14	8.086449E-15	1.451608E-14	6.201021E-15	8.685757E-15	1.043328E-14
7809.461	3.847357E-14	8.322436E-15	2.019843E-14	8.700017E-15	6.135389E-15	7.545403E-15
7817.587	3.877642E-14	2.146489E-14	7.975340E-15	6.037797E-15	8.253362E-15	7.577606E-15
7825.605	2.558874E-14	3.387578E-14	8.086450E-15	8.448788E-15	1.017296E-14	8.518723E-15
7833.724	4.167905E-14	2.395060E-14	4.723650E-15	1.408443E-14	7.044179E-15	4.057730E-15
7841.840	3.271551E-14	1.065476E-14	1.335287E-15	3.597312E-15	1.493963E-14	4.642901E-15
7849.959	3.178337E-14	1.440104E-14	8.840622E-15	5.759531E-15	1.472797E-14	3.778972E-15
7857.974	5.654616E-14	2.814132E-14	1.162427E-14	3.634183E-15	1.316113E-15	8.797849E-15
7866.090	2.969489E-14	2.430655E-15	1.299791E-14	1.847573E-14	6.030915E-15	8.282247E-15
7874.207	5.692373E-14	1.830464E-14	4.511262E-15	1.296398E-14	7.305727E-16	1.015133E-14
7882.226	1.338433E-14	2.325641E-14	3.264470E-15	4.511264E-15	1.050850E-14	8.107464E-15
7890.337	3.552374E-14	3.292003E-14	1.340695E-14	1.224226E-14	1.066853E-14	8.189079E-15
7898.455	6.351953E-15	2.420232E-14	7.228051E-15	6.341138E-15	1.054390E-14	1.007856E-14
7906.468	3.695933E-14	2.535079E-14	1.530957E-15	1.601213E-14	2.675490E-15	7.117313E-15
7914.582	3.202722E-14	3.789737E-14	2.728587E-15	1.659129E-14	9.082996E-15	6.311393E-15
7922.694	2.208828E-14	9.649857E-15	1.684351E-15	9.616430E-16	9.686729E-15	7.949045E-15
7930.808	3.017866E-14	4.416869E-15	6.787545E-15	1.145269E-14	7.924702E-15	9.191898E-15
7938.830	3.803306E-15	2.440487E-15	2.629571E-14	1.221228E-15	1.107880E-14	5.495277E-15
7946.942	1.130372E-14	9.435505E-15	6.209379E-15	1.239663E-14	8.447067E-15	6.437622E-15
7955.056	7.468954E-15	7.439457E-15	1.241384E-14	5.859333E-15	5.423005E-15	5.565458E-15
7963.072	9.836680E-15	3.710877E-15	1.677860E-14	8.596771E-15	7.494027E-15	3.471696E-15
7971.185	1.175996E-15	1.666847E-14	2.543338E-14	8.854881E-15	6.141040E-15	1.000556E-14
7979.301	2.580113E-14	5.193655E-15	1.505295E-14	1.209575E-14	5.231513E-15	9.098487E-15
7987.421	1.092615E-14	4.223755E-14	1.366752E-15	1.907553E-15	1.059232E-14	7.055980E-15
7995.437	1.332534E-14	2.094769E-14	2.823966E-15	9.818980E-15	8.936247E-15	2.971700E-15
8003.548	4.530143E-14	2.244816E-14	1.090058E-14	1.384205E-14	8.046627E-15	3.476982E-15
8011.661	3.225141E-15	9.720655E-15	9.862239E-16	4.684320E-15	8.199773E-15	8.790352E-15
8019.774	2.780701E-14	1.940591E-14	2.064779E-14	5.530938E-16	5.922019E-15	1.044631E-14
8027.791	4.166331E-14	3.336251E-14	7.954698E-16	4.591399E-15	1.171670E-14	8.963040E-15
8035.908	1.404903E-14	1.764191E-14	2.007257E-14	1.058790E-14	9.786287E-15	5.291613E-15
8044.023	3.269585E-14	1.722697E-14	3.900651E-15	9.377488E-15	1.491086E-14	1.181699E-14
8052.040	2.134886E-14	5.958643E-16	9.176901E-15	5.777230E-15	1.330862E-14	6.245270E-15
8060.157	2.130166E-14	2.973619E-14	1.709718E-14	6.465031E-15	9.789236E-15	4.390566E-15
8068.265	1.111494E-14	3.428285E-14	1.090058E-14	1.641085E-15	6.659230E-15	2.795204E-15
8076.384	1.050137E-14	3.050314E-14	1.592413E-14	1.574419E-14	4.344598E-15	5.920423E-15
8084.398	4.088062E-14	1.970679E-14	9.824881E-15	3.942927E-16	2.117237E-15	8.784577E-15
He 681	Lab G BCA-3-2	2025-10-14T22:46:05
